Alignment	Ali_Len	First_AA	Original Seqs	Final Seqs	Low_Occ_Cols_Cut	N_Term_Cut	C_Term_Cut	Dash_Starts_Removed	Seq_w_End_Dashes_Removed	Cut_Cols	Identical_Collapsed	Nterm_Stop_Col	Nterm_Stop_Res	Nterm_Flag
1	234	M	260	259	20	20	0	0	0	0,1,2,3,4,5,6,7,8,9,10,11,12,13,14,15,16,17,18,19	1	20	M	ok
2	226	M	143	142	10	10	0	0	0	0,1,2,3,4,5,6,7,8,9	1	10	M	ok
3	251	M	37	35	0	0	0	2	0		0	0	M	ok
4	237	M	32	31	0	0	0	0	1		0	0	M	ok
5	225	M	28	28	0	0	0	0	0		0	0	M	ok
6	233	M	27	21	14	14	0	1	5	0,1,2,3,4,5,6,7,8,9,10,11,12,13	0	14	M	ok
7	230	M	27	27	0	0	0	0	0		0	0	M	ok
8	234	M	25	25	7	7	0	0	0	0,1,2,3,4,5,6	0	7	M	ok
9	243	M	22	21	22	0	0	1	0	243,244,245,246,247,248,249,250,251,252,253,254,255,256,257,258,259,260,261,262,263,264	0	0	M	ok
10	229	M	19	19	0	0	0	0	0		0	0	M	ok
11	253	M	18	18	3	0	0	0	0	253,254,255	0	0	M	ok
12	236	M	16	16	0	0	0	0	0		0	0	M	ok
13	229	M	14	14	0	0	0	0	0		0	0	M	ok
14	232	M	12	12	0	0	0	0	0		0	0	M	ok
15	233	M	11	11	8	0	0	0	0	111,126,127,128,129,130,131,132	0	0	M	ok
16	231	M	9	9	0	0	0	0	0		0	0	M	ok
17	231	M	9	9	0	0	0	0	0		0	0	M	ok
18	230	M	8	6	0	0	0	0	0	0,1,2,3,4,5,6,7	2	8	M	ok
19	243	M	7	7	0	0	0	0	0		0	0	M	ok
20	241	M	7	7	0	0	0	0	0		0	0	M	ok
21	241	M	7	7	0	0	0	0	0		0	0	M	ok
22	238	M	6	6	3	0	0	0	0	238,239,240	0	0	M	ok
23	233	M	6	6	0	0	0	0	0		0	0	M	ok
24	216	M	6	6	0	0	0	0	0		0	0	M	ok
25	235	M	6	6	0	0	0	0	0		0	0	M	ok
