Alignment	Stop_Col	Stop_Res	Occupancy	Identity_Among_Occupied	Seqs_With_Residue	Final_Seqs
1	0	G	0.992	0.992	121	114
2	1	G	0.990	1.000	101	100
3	1	G	1.000	1.000	85	84
4	0	G	1.000	1.000	60	60
5	0	G	1.000	0.974	38	37
6	0	G	1.000	1.000	32	32
7	2	G	0.960	1.000	24	23
8	0	G	1.000	1.000	25	25
9	0	G	1.000	1.000	24	24
10	0	G	1.000	0.950	20	20
11	0	G	1.000	1.000	19	19
12	0	G	1.000	1.000	12	12
13	0	G	1.000	1.000	11	11
14	0	G	1.000	1.000	9	9
15	0	G	1.000	1.000	8	8
16	0	G	1.000	1.000	7	7
17	0	G	1.000	1.000	7	7
18	0	G	1.000	1.000	6	6
19	0	G	1.000	1.000	6	6
20	0	G	1.000	1.000	6	6
