Alignment	Ali_Len	First_AA	Original Seqs	Final Seqs	Low_Occ_Cols_Cut	N_Term_Cut	C_Term_Cut	Dash_Starts_Removed	Seq_w_End_Dashes_Removed	Cut_Cols	Identical_Collapsed	Nterm_Stop_Col	Nterm_Stop_Res	Nterm_Flag
1	202	M	866	823	17	17	0	6	2	0,1,2,3,4,5,6,7,8,9,10,11,12,13,14,15,16	35	17	M	ok
2	229	M	34	33	8	0	0	0	0	229,230,231,232,233,234,235,236	1	0	M	ok
3	190	T	29	17	0	0	0	0	0	0,1,2,3,4,5,6,7,8,9,10,11,12,13,14,15,16,17,18,19,20,21,22,23,24,25,26,27,28,29,30,31	12	32	T	REVIEW-nonMet
4	229	M	29	29	0	0	0	0	0		0	0	M	ok
5	223	M	27	27	0	0	0	0	0		0	0	M	ok
6	223	M	23	23	0	0	0	0	0		0	0	M	ok
7	202	M	23	22	0	0	0	1	0		0	0	M	ok
8	208	M	18	16	14	14	0	0	0	0,1,2,3,4,5,6,7,8,9,10,11,12,13	2	14	M	ok
9	229	M	14	12	0	0	0	0	0	0,1,2,3,4,5,6,7,8,9,10,11,12,13,14,15,16,17,18	2	19	M	ok
10	211	M	14	14	0	0	0	0	0		0	0	M	ok
12	279	M	12	12	1	0	0	0	0	53	0	0	M	ok
13	186	M	11	8	0	0	0	3	0		0	0	M	ok
14	225	M	11	11	0	0	0	0	0		0	0	M	ok
15	247	M	8	8	0	0	0	0	0		0	0	M	ok
16	222	M	8	8	0	0	0	0	0		0	0	M	ok
17	227	M	7	7	0	0	0	0	0		0	0	M	ok
18	308	M	6	4	0	0	0	0	2		0	0	M	ok
19	218	M	5	5	0	0	0	0	0		0	0	M	ok
20	173	M	5	5	0	0	0	0	0		0	0	M	ok
21	213	M	4	4	13	13	0	0	0	0,1,2,3,4,5,6,7,8,9,10,11,12	0	13	M	ok
22	166	M	4	4	0	0	0	0	0		0	0	M	ok
23	210	M	4	3	0	0	0	0	0	0	1	1	M	ok
24	198	M	4	4	0	0	0	0	0		0	0	M	ok
25	208	M	4	4	0	0	0	0	0		0	0	M	ok
26	208	M	4	4	0	0	0	0	0		0	0	M	ok
27	224	M	4	4	0	0	0	0	0		0	0	M	ok
28	226	M	4	4	7	7	0	0	0	0,1,2,3,4,5,6	0	7	M	ok
29	227	M	4	4	0	0	0	0	0		0	0	M	ok
30	253	M	4	4	0	0	0	0	0		0	0	M	ok
