Alignment	Ali_Len	First_AA	Original Seqs	Final Seqs	Low_Occ_Cols_Cut	N_Term_Cut	C_Term_Cut	Dash_Starts_Removed	Seq_w_End_Dashes_Removed	Cut_Cols	Identical_Collapsed	Nterm_Stop_Col	Nterm_Stop_Res	Nterm_Flag
1	1946	M	49	49	59	59	0	0	0	0,1,2,3,4,5,6,7,8,9,10,11,12,13,14,15,16,17,18,19,20,21,22,23,24,25,26,27,28,29,30,31,32,33,34,35,36,37,38,39,40,41,42,43,44,45,46,47,48,49,50,51,52,53,54,55,56,57,58	0	59	M	ok
2	2109	M	24	24	0	0	0	0	0		0	0	M	ok
3	2096	M	21	21	5	0	0	0	0	2096,2097,2098,2099,2100	0	0	M	ok
4	2105	M	16	16	22	0	0	0	0	92,93,1054,1055,1056,1057,1058,1059,1060,1061,1062,1063,1087,1088,1089,1634,2095,2096,2097,2098,2125,2126	0	0	M	ok
5	2113	M	15	15	0	0	0	0	0		0	0	M	ok
6	2096	M	13	10	15	0	0	3	0	77,1608,1609,1610,1611,1612,2096,2097,2098,2105,2106,2107,2108,2109,2110	0	0	M	ok
7	2118	M	10	10	0	0	0	0	0		0	0	M	ok
8	1924	M	10	10	10	1	0	0	0	0,22,30,31,419,1929,1930,1931,1932,1933	0	1	M	ok
9	2066	M	9	9	0	0	0	0	0		0	0	M	ok
10	2056	M	8	6	6	0	0	2	0	8,9,10,11,1958,2061	0	0	M	ok
11	2069	M	8	8	15	1	0	0	0	0,847,848,1513,1514,1515,1516,1517,2076,2078,2079,2080,2081,2082,2083	0	1	M	ok
12	2074	M	8	7	9	0	0	1	0	10,61,160,184,1516,1614,1615,1616,1617	0	0	M	ok
13	2074	Y	8	8	16	2	0	0	0	0,1,2,14,390,1638,1639,1640,1641,1642,1643,1644,1645,1646,1647,1648,1659,1878	0	3	F	REVIEW-nonMet
14	1948	M	6	6	6	3	0	0	0	0,1,2,42,414,415	0	3	M	ok
15	2108	M	5	5	5	0	0	0	0	0,1,2,3,4,5,6,7,8,9,10,11,12,13,14,15,16,17,18,19,20,21,22,23,24,25,26,27,28,29,30,31,32,33,34,35,36,226,227,228,229,230	0	37	M	ok
16	1990	M	5	4	17	4	0	0	1	0,1,2,3,27,28,1981,1982,1983,1984,1985,2001,2002,2003,2004,2005,2006	0	4	M	ok
17	1969	M	5	5	6	0	0	0	0	122,1153,1330,1331,1763,1796	0	0	M	ok
18	2068	M	4	4	0	0	0	0	0		0	0	M	ok
19	2106	M	4	4	5	0	0	0	0	24,917,1605,1642,1643	0	0	M	ok
20	2092	M	4	3	3	0	0	0	1	2092,2093,2094	0	0	M	ok
21	2095	M	4	2	21	0	0	1	1	5,11,12,1608,1609,1610,1611,1612,1613,2084,2085,2086,2087,2088,2093,2094,2095,2096,2097,2115,2116	0	0	M	ok
22	2068	M	4	4	3	0	0	0	0	1608,1619,1620	0	0	M	ok
23	2071	M	3	3	0	0	0	0	0		0	0	M	ok
24	2109	M	3	3	0	0	0	0	0		0	0	M	ok
25	2053	E	3	3	0	4	0	0	0	0,1,2,3	0	4	E	REVIEW-nonMet
26	2244	D	3	2	0	2	0	1	0	0,1	0	2	D	REVIEW-nonMet
27	2300	M	3	3	0	0	0	0	0		0	0	M	ok
28	2004	M	3	3	0	0	0	0	0		0	0	M	ok
29	2117	M	3	3	0	0	0	0	0		0	0	M	ok
30	2104	M	3	3	0	0	0	0	0		0	0	M	ok
31	2115	M	3	3	0	0	0	0	0		0	0	M	ok
