Alignment	Ali_Len	First_AA	Original Seqs	Final Seqs	Low_Occ_Cols_Cut	N_Term_Cut	C_Term_Cut	Dash_Starts_Removed	Seq_w_End_Dashes_Removed	Cut_Cols	Identical_Collapsed	Nterm_Stop_Col	Nterm_Stop_Res	Nterm_Flag
1	993	M	317	315	25	0	0	0	2	260,261,542,545,559,560,704,799,975,976,977,978,979,980,981,982,983,984,985,986,987,988,989,990,991	0	0	M	ok
2	1126	M	66	65	0	0	0	1	0		0	0	M	ok
3	1045	M	44	43	5	5	0	1	0	0,1,2,3,4	0	5	M	ok
4	1093	M	39	39	25	0	0	0	0	248,564,567,1096,1097,1098,1099,1100,1101,1102,1103,1104,1105,1106,1107,1108,1109,1110,1111,1112,1113,1114,1115,1116,1117	0	0	M	ok
5	1055	M	33	32	17	17	0	1	0	0,1,2,3,4,5,6,7,8,9,10,11,12,13,14,15,16	0	17	M	ok
6	1099	N	29	29	12	2	0	0	0	0,1,253,254,255,256,257,258,259,260,669,1075	0	2	M	ok
7	1005	M	27	27	1	0	0	0	0	461	0	0	M	ok
8	1056	M	24	24	0	0	0	0	0		0	0	M	ok
9	961	M	23	23	0	0	0	0	0		0	0	M	ok
10	1086	M	18	16	2	0	0	0	2	847,848	0	0	M	ok
11	1047	M	16	16	10	0	0	0	0	193,194,195,196,197,198,199,555,556,557	0	0	M	ok
12	993	M	14	14	0	0	0	0	0		0	0	M	ok
13	1076	M	13	9	6	0	0	0	4	6,7,8,9,10,251	0	0	M	ok
14	1093	M	11	9	0	0	0	1	1		0	0	M	ok
15	1098	M	11	10	4	0	0	0	1	5,256,466,497	0	0	M	ok
16	1051	M	10	10	43	0	0	0	0	98,106,110,419,420,421,422,423,424,425,434,435,436,437,438,439,440,441,442,443,444,445,652,653,654,675,682,683,704,705,706,721,722,723,724,725,726,727,728,1090,1091,1092,1093	0	0	M	ok
17	959	M	9	9	2	0	0	0	0	517,523	0	0	M	ok
18	949	M	8	8	4	0	0	0	0	501,502,610,952	0	0	M	ok
19	1090	M	8	7	0	0	0	1	0		0	0	M	ok
20	965	M	6	6	1	0	0	0	0	199	0	0	M	ok
