Alignment	Ali_Len	First_AA	Original Seqs	Final Seqs	Low_Occ_Cols_Cut	N_Term_Cut	C_Term_Cut	Dash_Starts_Removed	Seq_w_End_Dashes_Removed	Cut_Cols	Identical_Collapsed	Nterm_Stop_Col	Nterm_Stop_Res	Nterm_Flag
1	373	R	819	800	63	63	0	1	2	0,1,2,3,4,5,6,7,8,9,10,11,12,13,14,15,16,17,18,19,20,21,22,23,24,25,26,27,28,29,30,31,32,33,34,35,36,37,38,39,40,41,42,43,44,45,46,47,48,49,50,51,52,53,54,55,56,57,58,59,60,61,62	16	63	R	REVIEW-nonMet
2	372	F	196	193	14	8	0	0	2	0,1,2,3,4,5,6,7,253,254,382,383,384,385	1	8	F	REVIEW-nonMet
3	374	Y	178	175	76	39	0	2	0	0,1,2,3,4,5,6,7,8,9,10,11,12,13,14,15,16,17,18,19,20,21,22,23,24,25,26,27,28,29,30,31,32,33,34,35,36,37,38,178,414,415,416,417,418,419,420,421,422,423,424,425,426,427,428,429,430,431,432,433,434,435,436,437,438,439,440,441,442,443,444,445,446,447,448,449	1	39	Y	REVIEW-nonMet
4	372	D	138	138	17	14	0	0	0	0,1,2,3,4,5,6,7,8,9,10,11,12,13,37,38,98,99,276	0	14	D	REVIEW-nonMet
5	374	Y	53	53	0	0	0	0	0		0	0	Y	REVIEW-nonMet
6	373	L	18	18	1	1	0	0	0	0,62	0	1	L	REVIEW-nonMet
7	373	D	16	15	0	0	0	1	0		0	0	D	REVIEW-nonMet
8	373	Q	13	13	3	0	0	0	0	33,334,335	0	0	Q	REVIEW-nonMet
9	373	Q	12	12	0	0	0	0	0		0	0	Q	REVIEW-nonMet
10	377	Q	7	7	0	0	0	0	0		0	0	Q	REVIEW-nonMet
11	374	Y	6	5	0	6	0	0	1	0,1,2,3,4,5	0	6	Y	REVIEW-nonMet
