Alignment	Ali_Len	First_AA	Original Seqs	Final Seqs	Low_Occ_Cols_Cut	N_Term_Cut	C_Term_Cut	Dash_Starts_Removed	Seq_w_End_Dashes_Removed	Cut_Cols	Identical_Collapsed	Nterm_Stop_Col	Nterm_Stop_Res	Nterm_Flag
1	1859	M	146	144	48	0	0	1	1	396,455,605,606,607,608,609,638,639,640,641,647,648,651,652,653,654,655,660,661,662,886,887,888,889,890,891,892,1062,1458,1459,1460,1554,1555,1556,1557,1558,1559,1560,1561,1562,1563,1564,1565,1566,1567,1568,1569	0	0	M	ok
2	1975	M	130	128	7	0	0	2	0	1225,1226,1234,1235,1242,1489,1490	0	0	M	ok
3	1924	M	75	74	12	0	0	1	0	456,457,458,459,460,559,566,567,799,800,801,1184	0	0	M	ok
4	1951	M	31	31	20	0	0	0	0	1019,1020,1021,1031,1032,1033,1034,1035,1036,1037,1038,1039,1040,1930,1931,1932,1933,1968,1969,1970	0	0	M	ok
5	1948	M	20	20	0	0	0	0	0		0	0	M	ok
6	2094	M	16	16	7	0	0	0	0	697,698,710,711,955,956,957	0	0	M	ok
7	1964	M	16	16	7	0	0	0	0	310,323,803,1483,1871,1872,1873	0	0	M	ok
8	1871	M	16	15	2	0	0	1	0	678,703	0	0	M	ok
9	2090	M	11	11	0	0	0	0	0		0	0	M	ok
10	2080	T	9	5	13	0	0	0	0	0,1,2,367,368,369,370,371,372,373,374,375,376,377,378,1267	4	3	T	REVIEW-nonMet
11	1964	M	9	9	0	0	0	0	0		0	0	M	ok
12	1971	M	9	9	0	0	0	0	0		0	0	M	ok
13	1968	M	8	8	0	0	0	0	0		0	0	M	ok
14	2075	M	7	7	4	0	0	0	0	642,643,896,912	0	0	M	ok
15	1945	M	7	7	41	0	0	0	0	155,459,460,531,580,581,582,583,584,585,586,590,591,592,593,594,595,596,628,629,630,631,632,633,634,635,636,637,638,639,640,641,642,643,644,645,646,647,648,649,650	0	0	M	ok
16	1819	M	6	6	0	0	0	0	0		0	0	M	ok
