Alignment	Stop_Col	Stop_Res	Occupancy	Identity_Among_Occupied	Seqs_With_Residue	Final_Seqs
1	1	G	0.999	1.000	3299	3118
2	10	G	0.994	0.999	1424	1336
3	0	G	1.000	1.000	888	861
4	1	G	0.997	1.000	646	517
5	3	G	0.948	1.000	599	444
6	17	G	1.000	1.000	190	187
7	0	G	1.000	1.000	176	135
8	0	G	0.994	1.000	169	134
9	0	G	1.000	1.000	121	121
10	0	G	1.000	1.000	101	88
11	0	G	1.000	1.000	86	73
12	0	G	1.000	1.000	71	56
13	0	G	1.000	1.000	70	57
14	0	G	1.000	1.000	64	46
15	0	G	0.982	1.000	56	44
17	0	G	1.000	1.000	46	38
18	0	G	1.000	1.000	36	27
19	0	G	1.000	1.000	32	26
20	0	G	1.000	1.000	21	18
21	0	G	1.000	1.000	16	16
22	0	G	1.000	1.000	16	13
23	0	G	1.000	1.000	16	12
24	0	G	1.000	1.000	15	10
25	0	G	1.000	1.000	14	10
26	0	G	1.000	1.000	10	7
27	0	G	1.000	1.000	9	6
30	0	G	1.000	1.000	7	6
