Alignment	Ali_Len	First_AA	Original Seqs	Final Seqs	Low_Occ_Cols_Cut	N_Term_Cut	C_Term_Cut	Dash_Starts_Removed	Seq_w_End_Dashes_Removed	Cut_Cols	Identical_Collapsed	Nterm_Stop_Col	Nterm_Stop_Res	Nterm_Flag
1	858	M	270	267	17	9	0	1	2	0,1,2,3,4,5,6,7,8,54,169,553,554,788,856,857,858	0	9	M	ok
2	790	M	129	125	13	0	0	4	0	274,275,276,277,278,279,782,797,798,799,800,801,802	0	0	M	ok
3	840	M	59	59	6	0	0	0	0	71,155,159,776,777,778	0	0	M	ok
4	799	M	38	36	0	0	0	2	0		0	0	M	ok
5	789	M	36	33	43	6	0	1	2	0,1,2,3,4,5,152,163,164,787,797,798,799,800,803,804,805,806,807,808,809,810,811,812,813,814,815,816,817,818,819,820,821,822,823,824,825,826,827,828,829,830,831	0	6	M	ok
6	798	M	29	29	24	0	0	0	0	106,195,196,197,198,199,200,205,211,219,225,226,227,228,235,236,237,238,239,240,241,242,244,797	0	0	M	ok
7	859	M	25	24	15	0	0	0	1	110,834,836,862,863,864,865,866,867,868,869,870,871,872,873	0	0	M	ok
8	834	M	24	23	8	0	0	0	1	31,32,33,45,46,49,50,158	0	0	M	ok
9	796	M	22	20	0	0	0	2	0		0	0	M	ok
10	822	M	21	21	8	8	0	0	0	0,1,2,3,4,5,6,7	0	8	M	ok
11	784	M	15	15	2	0	0	0	0	184,185	0	0	M	ok
12	828	M	14	14	1	0	0	0	0	70	0	0	M	ok
13	877	M	11	11	2	0	0	0	0	228,878	0	0	M	ok
14	792	M	11	11	1	0	0	0	0	77	0	0	M	ok
15	703	A	9	8	1	1	0	1	0	0	0	1	M	ok
16	808	M	8	8	0	0	0	0	0		0	0	M	ok
17	808	M	8	7	0	0	0	1	0		0	0	M	ok
18	687	M	6	6	0	0	0	0	0		0	0	M	ok
19	847	M	6	4	10	0	0	0	2	69,70,71,72,82,83,84,85,93,94	0	0	M	ok
20	806	M	6	6	19	0	0	0	0	162,759,760,761,762,763,764,765,766,767,768,769,770,771,772,773,774,775,802	0	0	M	ok
