Alignment	Stop_Col	Stop_Res	Occupancy	Identity_Among_Occupied	Seqs_With_Residue	Final_Seqs
1	0	G	0.996	1.000	697	695
2	0	G	1.000	1.000	384	376
3	0	G	1.000	0.994	344	344
4	0	G	1.000	1.000	280	280
5	0	G	1.000	1.000	270	270
6	0	G	0.996	1.000	267	241
7	10	G	0.996	1.000	235	163
8	0	G	1.000	1.000	214	214
9	0	G	0.990	1.000	207	206
10	0	G	0.984	1.000	124	124
11	0	G	1.000	0.992	122	121
12	0	G	1.000	1.000	106	105
13	0	G	1.000	1.000	100	99
14	0	G	0.988	1.000	82	82
15	0	G	1.000	1.000	76	76
16	1	G	1.000	1.000	73	72
17	0	G	1.000	1.000	70	70
18	0	G	1.000	1.000	69	68
19	0	G	1.000	1.000	62	62
20	0	G	1.000	1.000	59	59
21	0	G	1.000	1.000	52	52
22	0	G	1.000	1.000	49	49
23	0	G	1.000	1.000	47	47
24	0	G	1.000	1.000	47	47
25	0	G	0.978	1.000	45	45
26	0	G	1.000	1.000	45	44
27	0	G	1.000	1.000	43	43
28	0	G	1.000	1.000	43	39
29	0	G	1.000	1.000	43	43
30	0	G	1.000	1.000	39	39
31	0	G	1.000	1.000	39	39
32	0	G	1.000	1.000	37	37
33	0	G	1.000	1.000	35	35
34	1	G	1.000	1.000	31	31
35	0	G	1.000	1.000	29	29
36	0	G	1.000	1.000	27	27
37	0	G	1.000	1.000	26	26
38	0	G	1.000	1.000	23	23
39	0	G	0.952	1.000	20	20
40	0	G	1.000	1.000	20	19
41	0	G	1.000	1.000	20	20
42	0	G	1.000	1.000	19	19
43	0	G	1.000	1.000	17	17
44	0	G	1.000	1.000	17	17
45	0	G	1.000	1.000	16	16
46	0	G	1.000	1.000	16	16
47	0	G	1.000	1.000	13	13
48	0	G	1.000	1.000	11	11
49	0	G	1.000	1.000	11	9
50	0	G	1.000	1.000	11	11
51	0	G	1.000	1.000	11	11
52	0	G	1.000	1.000	9	9
53	0	G	1.000	1.000	9	9
54	0	G	1.000	1.000	8	8
55	0	G	1.000	1.000	8	8
56	0	G	1.000	1.000	8	8
57	0	G	1.000	1.000	7	7
58	0	G	1.000	1.000	7	7
59	0	G	0.857	1.000	6	6
60	0	G	1.000	1.000	7	7
61	0	G	1.000	1.000	7	7
62	0	G	1.000	1.000	6	6
63	0	G	1.000	1.000	6	6
64	0	G	1.000	1.000	6	6
65	0	G	1.000	1.000	6	6
