Cluster	N_Seqs	Consensus_Len	Verdict	Substring_Of	Percent_Id	Query_Coverage	Len_Ratio
1	700	238	keep	(best: 7)	77.5	0.992	0.992
2	384	240	keep	(best: 17)	77.0	1.000	0.984
3	344	242	keep	(best: 17)	76.2	1.000	0.992
4	280	238	keep	(best: 56)	76.2	1.000	0.996
5	270	238	keep	(best: 20)	77.8	0.979	0.996
6	269	235	keep	(best: 24)	54.9	1.000	0.979
7	236	240	keep	(best: 44)	73.5	0.967	0.996
8	214	239	keep	(best: 44)	79.1	0.979	0.992
9	209	238	keep	(best: 41)	74.5	1.000	0.996
10	126	238	keep	(best: 41)	54.6	0.954	0.996
11	122	238	keep	(best: 59)	78.8	1.000	0.992
12	106	240	keep	(best: 17)	73.0	1.000	0.984
13	100	236	keep	(best: 27)	55.3	0.958	0.996
14	83	242	keep	(best: 33)	67.1	1.000	0.996
15	76	238	keep	(best: 51)	52.9	0.992	0.996
16	73	234	keep	(best: 65)	69.3	0.979	0.992
17	70	244	keep				
18	69	238	keep	(best: 56)	52.1	0.992	0.996
19	62	238	keep	(best: 59)	78.8	1.000	0.992
20	59	239	keep	(best: 44)	61.2	0.992	0.992
21	52	238	keep	(best: 56)	55.5	0.954	0.996
22	49	236	keep	(best: 28)	75.5	0.996	0.996
23	47	240	keep	(best: 14)	62.4	1.000	0.992
24	47	240	keep	(best: 17)	82.0	1.000	0.984
25	46	240	keep	(best: 17)	77.0	1.000	0.984
26	45	239	keep	(best: 44)	62.4	0.979	0.992
27	43	237	keep	(best: 21)	76.0	1.000	0.996
28	43	237	keep	(best: 46)	71.5	1.000	0.992
29	43	238	keep	(best: 56)	54.6	0.992	0.996
30	39	238	keep	(best: 41)	72.0	1.000	0.996
31	39	237	keep	(best: 18)	83.6	1.000	0.996
32	37	238	keep	(best: 20)	74.8	0.979	0.996
33	35	243	keep	(best: 17)	57.5	1.000	0.996
34	31	236	keep	(best: 28)	81.5	0.983	0.996
35	29	238	keep	(best: 20)	71.5	1.000	0.996
36	27	238	keep	(best: 46)	79.5	1.000	0.996
37	26	236	keep	(best: 42)	60.1	0.979	0.996
38	23	236	keep	(best: 15)	55.9	1.000	0.992
39	21	237	keep	(best: 46)	64.4	0.975	0.992
40	20	236	keep	(best: 53)	73.9	0.987	0.996
41	20	239	keep	(best: 44)	63.1	0.987	0.992
42	19	237	keep	(best: 5)	81.5	1.000	0.996
43	17	242	keep	(best: 17)	76.6	1.000	0.992
44	17	241	keep	(best: 33)	48.4	0.983	0.992
45	16	239	keep	(best: 44)	61.2	0.992	0.992
46	16	239	keep	(best: 7)	44.0	1.000	0.996
47	13	236	keep	(best: 53)	70.5	1.000	0.996
48	11	243	keep	(best: 17)	56.7	1.000	0.996
49	11	235	keep	(best: 11)	55.9	1.000	0.987
50	11	238	keep	(best: 56)	53.0	0.983	0.996
51	11	239	keep	(best: 44)	64.6	0.992	0.992
52	9	235	keep	(best: 40)	78.4	1.000	0.996
53	9	237	keep	(best: 36)	67.8	1.000	0.996
54	8	238	keep	(best: 55)	52.8	0.954	0.996
55	8	239	keep	(best: 44)	60.8	0.992	0.992
56	8	239	keep	(best: 7)	61.7	0.983	0.996
57	7	243	keep	(best: 17)	56.7	1.000	0.996
58	7	240	keep	(best: 17)	66.0	1.000	0.984
59	7	240	keep	(best: 14)	66.5	1.000	0.992
60	7	238	keep	(best: 20)	77.8	1.000	0.996
61	7	236	keep	(best: 53)	72.6	1.000	0.996
62	6	233	keep	(best: 16)	75.6	1.000	0.996
63	6	242	keep	(best: 17)	73.0	1.000	0.992
64	6	235	keep	(best: 65)	74.9	0.991	0.996
65	6	236	keep	(best: 28)	71.9	0.975	0.996
