Alignment	Ali_Len	First_AA	Original Seqs	Final Seqs	Low_Occ_Cols_Cut	N_Term_Cut	C_Term_Cut	Dash_Starts_Removed	Seq_w_End_Dashes_Removed	Cut_Cols	Identical_Collapsed	Nterm_Stop_Col	Nterm_Stop_Res	Nterm_Flag
1	2193	L	2165	2035	264	245	0	0	130	0,1,2,3,4,5,6,7,8,9,10,11,12,13,14,15,16,17,18,19,20,21,22,23,24,25,26,27,28,29,30,31,32,33,34,35,36,37,38,39,40,41,42,43,44,45,46,47,48,49,50,51,52,53,54,55,56,57,58,59,60,61,62,63,64,65,66,67,68,69,70,71,72,73,74,75,76,77,78,79,80,81,82,83,84,85,86,87,88,89,90,91,92,93,94,95,96,97,98,99,100,101,102,103,104,105,106,107,108,109,110,111,112,113,114,115,116,117,118,119,120,121,122,123,124,125,126,127,128,129,130,131,132,133,134,135,136,137,138,139,140,141,142,143,144,145,146,147,148,149,150,151,152,153,154,155,156,157,158,159,160,161,162,163,164,165,166,167,168,169,170,171,172,173,174,175,176,177,178,179,180,181,182,183,184,185,186,187,188,189,190,191,192,193,194,195,196,197,198,199,200,201,202,203,204,205,206,207,208,209,210,211,212,213,214,215,216,217,218,219,220,221,222,223,224,225,226,227,228,229,230,231,232,233,234,235,236,237,238,239,240,241,242,243,244,457,458,826,827,828,829,840,1114,1115,1116,1117,1118,1119,1120,1121,1122,1123,1124,1125	0	245	M	ok
2	2194	M	1398	1320	54	0	0	4	74	224,225,226,232,237,238,239,241,334,338,397,422,591,662,663,664,665,714,873,874,875,876,877,878,879,880,881,882,883,884,885,886,887,888,889,890,891,892,893,894,895,896,897,898,899,900,901,902,908,909,1669,1940,2246,2247	0	0	M	ok
3	2188	M	1175	1063	10	0	0	1	109	286,287,288,289,653,654,775,776,866,867	2	0	M	ok
4	2201	M	1113	1066	18	0	0	7	40	382,383,590,591,592,593,594,595,596,597,598,672,851,2214,2215,2216,2217,2218	0	0	M	ok
5	2156	M	752	667	81	56	0	1	82	0,1,2,3,4,5,6,7,8,9,10,11,12,13,14,15,16,17,18,19,20,21,22,23,24,25,26,27,28,29,30,31,32,33,34,35,36,37,38,39,40,41,42,43,44,45,46,47,48,49,50,51,52,53,54,55,357,384,385,386,387,388,389,393,394,395,458,474,475,726,906,912,913,918,919,925,926,929,931,932,933	2	56	M	ok
6	2222	M	718	701	7	0	0	4	13	233,580,607,615,693,899,1522	0	0	M	ok
7	2210	M	216	211	3	0	0	1	4	261,262,263	0	0	M	ok
8	2164	M	205	172	18	0	0	3	30	225,234,235,311,312,336,414,666,667,668,869,870,871,872,873,874,1382,2181	0	0	M	ok
9	2179	M	199	175	84	13	0	1	22	0,1,2,3,4,5,6,7,8,9,10,11,12,343,344,345,346,419,674,675,676,677,678,679,680,681,868,882,883,884,885,1385,1386,1387,1388,1389,1390,1391,1392,1393,1394,1395,1396,1397,1398,1399,1400,1401,1402,1403,1404,1405,1406,1407,1408,1409,1410,1411,1412,1413,1414,1415,1416,1417,1418,1419,1420,1421,1422,1423,1424,1425,1426,1427,1428,1429,1430,1431,1432,1433,1434,1435,1436,1805	0	13	M	ok
10	2150	M	132	121	9	0	0	1	10	223,327,822,823,824,826,827,844,845	0	0	M	ok
11	2144	M	123	112	5	0	0	0	11	329,330,396,397,651	0	0	M	ok
12	2386	M	104	92	15	0	0	4	8	558,575,826,838,1542,1629,1630,1631,1632,1633,1634,1635,1636,1638,1639	0	0	M	ok
13	2150	M	100	82	7	0	0	0	18	532,842,843,844,845,846,847	0	0	M	ok
14	2175	M	89	81	159	49	0	3	5	0,1,2,3,4,5,6,7,8,9,10,11,12,13,14,15,16,17,18,19,20,21,22,23,24,25,26,27,28,29,30,31,32,33,34,35,36,37,38,39,40,41,42,43,44,45,46,47,48,241,611,612,623,624,633,634,635,667,668,669,749,757,758,759,760,829,856,893,894,907,1091,1092,1093,1094,1095,1096,1108,1109,1110,1111,1112,1192,1204,1205,1206,1207,1208,1209,1210,1211,1212,1213,1214,1215,1216,1217,1218,1219,1220,1221,1222,1223,1224,1225,1226,1227,1228,1229,1230,1231,1232,1233,1243,1244,1245,1246,1247,1248,1249,1250,1251,1252,1253,1254,1272,1288,1289,1301,1302,1303,1304,1305,1306,1307,1308,1309,1310,1311,1312,1313,1314,1315,1316,1317,1318,1319,1320,1321,1322,1323,1324,1325,1326,1327,1328,1329,1330,1331,1332	0	49	M	ok
15	2171	M	84	78	79	63	0	2	4	0,1,2,3,4,5,6,7,8,9,10,11,12,13,14,15,16,17,18,19,20,21,22,23,24,25,26,27,28,29,30,31,32,33,34,35,36,37,38,39,40,41,42,43,44,45,46,47,48,49,50,51,52,53,54,55,56,57,58,59,60,61,62,560,561,619,621,622,623,639,640,641,642,1009,1010,1011,1012,1013,1014	0	63	M	ok
16	2206	M	79	75	3	0	0	0	4	154,1506,1868	0	0	M	ok
17	2153	M	74	57	33	30	0	1	16	0,1,2,3,4,5,6,7,8,9,10,11,12,13,14,15,16,17,18,19,20,21,22,23,24,25,26,27,28,29,361,362,684	0	30	M	ok
18	2156	M	56	48	8	0	0	0	8	1707,1708,1709,1710,1711,1712,1713,1714	0	0	M	ok
19	2164	M	54	44	3	0	0	1	9	393,414,669	0	0	M	ok
20	2167	M	54	53	24	0	0	0	1	461,462,463,464,465,466,467,562,567,579,580,581,657,658,696,705,706,797,849,850,851,852,853,854	0	0	M	ok
21	2206	M	52	48	15	0	0	1	3	238,577,603,604,605,606,607,608,609,610,611,612,690,816,881	0	0	M	ok
22	2178	M	49	43	1	0	0	0	6	839	0	0	M	ok
23	2144	M	39	32	0	0	0	0	7		0	0	M	ok
24	2159	M	26	24	0	0	0	0	2		0	0	M	ok
25	2144	M	26	17	9	0	0	0	9	328,329,330,838,839,840,981,982,983	0	0	M	ok
26	2146	M	21	19	1	0	0	0	2	816	0	0	M	ok
27	2144	M	20	20	0	0	0	0	0		0	0	M	ok
28	2184	M	20	18	17	0	0	0	2	569,586,587,588,589,590,591,592,593,594,1454,2195,2196,2197,2198,2199,2200	0	0	M	ok
29	2165	M	18	18	1	0	0	0	0	302	0	0	M	ok
30	2197	M	15	14	2	0	0	1	0	142,864	0	0	M	ok
31	2156	M	14	11	0	0	0	0	3		0	0	M	ok
32	2145	M	10	7	43	43	0	0	3	0,1,2,3,4,5,6,7,8,9,10,11,12,13,14,15,16,17,18,19,20,21,22,23,24,25,26,27,28,29,30,31,32,33,34,35,36,37,38,39,40,41,42	0	43	M	ok
33	2149	M	10	9	0	0	0	1	0		0	0	M	ok
34	2173	M	9	9	0	0	0	0	0		0	0	M	ok
35	2183	M	7	7	10	0	0	0	0	204,383,509,581,582,657,779,844,1367,1534	0	0	M	ok
36	2144	M	7	7	0	0	0	0	0		0	0	M	ok
37	2142	M	6	6	10	0	0	0	0	1329,2086,2087,2088,2089,2090,2097,2112,2113,2114	0	0	M	ok
