Cluster	N_Seqs	Consensus_Len	Verdict	Substring_Of	Percent_Id	Query_Coverage	Len_Ratio
1	2165	2193	keep	(best: 4)	85.4	1.000	0.996
2	1398	2185	keep	(best: 21)	62.6	1.000	0.991
3	1175	2188	keep	(best: 21)	57.0	1.000	0.992
4	1113	2201	keep	(best: 6)	54.2	1.000	0.997
5	752	2153	keep	(best: 19)	77.2	1.000	0.997
6	718	2207	keep				
7	216	2205	keep	(best: 6)	93.3	1.000	0.999
8	205	2159	keep	(best: 19)	73.2	1.000	1.000
9	199	2178	keep	(best: 21)	55.2	1.000	0.988
10	132	2149	keep	(best: 17)	68.9	1.000	0.999
11	123	2140	keep	(best: 10)	70.1	1.000	0.996
12	104	2380	keep				
13	100	2147	keep	(best: 18)	78.6	1.000	0.998
14	89	2174	keep	(best: 35)	60.8	1.000	0.999
15	84	2168	keep	(best: 34)	83.5	1.000	0.999
16	79	2205	keep	(best: 6)	72.6	1.000	0.999
17	74	2151	keep	(best: 18)	75.6	1.000	1.000
18	56	2152	keep	(best: 8)	52.5	1.000	0.997
19	54	2160	keep	(best: 9)	51.5	1.000	0.992
20	54	2166	keep	(best: 14)	74.9	1.000	0.996
21	52	2205	keep	(best: 6)	74.3	1.000	0.999
22	49	2177	keep	(best: 9)	78.7	1.000	1.000
23	39	2144	keep	(best: 33)	75.1	1.000	1.000
24	26	2159	keep	(best: 19)	74.6	1.000	1.000
25	26	2144	keep	(best: 26)	79.6	1.000	0.999
26	21	2146	keep	(best: 17)	69.8	1.000	0.998
27	20	2140	keep	(best: 17)	70.6	1.000	0.995
28	20	2184	keep	(best: 30)	81.5	1.000	0.996
29	18	2152	keep	(best: 8)	68.9	1.000	0.997
30	15	2193	keep	(best: 4)	77.2	1.000	0.996
31	14	2156	keep	(best: 24)	77.2	1.000	0.999
32	10	2145	keep	(best: 17)	72.2	1.000	0.997
33	10	2145	keep	(best: 26)	74.0	1.000	1.000
34	9	2171	keep	(best: 14)	66.4	1.000	0.999
35	7	2177	keep	(best: 2)	67.3	1.000	0.996
36	7	2136	keep	(best: 33)	72.5	1.000	0.996
37	6	2142	keep	(best: 25)	80.4	1.000	0.999
