Alignment	Ali_Len	First_AA	Original Seqs	Final Seqs	Low_Occ_Cols_Cut	N_Term_Cut	C_Term_Cut	Dash_Starts_Removed	Seq_w_End_Dashes_Removed	Cut_Cols	Identical_Collapsed	Nterm_Stop_Col	Nterm_Stop_Res	Nterm_Flag
1	251	M	35	35	0	0	0	0	0		0	0	M	ok
2	281	M	20	13	46	38	0	0	7	0,1,2,3,4,5,6,7,8,9,10,11,12,13,14,15,16,17,18,19,20,21,22,23,24,25,26,27,28,29,30,31,32,33,34,35,36,37,290,303,321,322,323,324,325,326	0	38	M	ok
3	214	M	15	15	1	0	0	0	0	203	0	0	M	ok
4	180	M	10	10	0	0	0	0	0		0	0	M	ok
5	181	M	8	6	0	0	0	0	0	0,1,2,3,4,5,6,7,8,9,10,11,12,13	2	14	M	ok
6	269	M	7	7	0	0	0	0	0		0	0	M	ok
7	186	M	6	4	0	0	0	2	0		0	0	M	ok
8	180	M	5	5	19	2	0	0	0	0,1,165,166,167,168,169,182,183,184,185,186,187,188,189,195,196,197,198	0	2	M	ok
9	233	M	5	5	0	0	0	0	0		0	0	M	ok
10	170	M	4	4	3	3	0	0	0	0,1,2	0	3	M	ok
11	184	M	4	4	0	0	0	0	0		0	0	M	ok
12	234	M	4	4	1	0	0	0	0	20	0	0	M	ok
13	254	M	4	4	3	0	0	0	0	254,255,256	0	0	M	ok
14	167	M	4	4	2	0	0	0	0	167,168	0	0	M	ok
15	284	M	3	2	0	0	0	0	1		0	0	M	ok
16	168	M	3	2	0	0	0	0	1		0	0	M	ok
17	276	M	3	3	0	0	0	0	0		0	0	M	ok
18	176	M	3	3	0	3	0	0	0	0,1,2	0	3	M	ok
19	155	M	3	3	0	0	0	0	0		0	0	M	ok
20	177	M	3	3	0	0	0	0	0		0	0	M	ok
21	177	M	3	3	0	0	0	0	0		0	0	M	ok
22	257	M	3	3	0	0	0	0	0		0	0	M	ok
23	312	M	3	3	0	0	0	0	0		0	0	M	ok
24	275	M	3	3	0	18	0	0	0	0,1,2,3,4,5,6,7,8,9,10,11,12,13,14,15,16,17	0	18	M	ok
25	190	M	3	3	0	0	0	0	0		0	0	M	ok
