Alignment	Ali_Len	First_AA	Original Seqs	Final Seqs	Low_Occ_Cols_Cut	N_Term_Cut	C_Term_Cut	Dash_Starts_Removed	Seq_w_End_Dashes_Removed	Cut_Cols	Identical_Collapsed	Nterm_Stop_Col	Nterm_Stop_Res	Nterm_Flag
1	530	A	774	765	79	0	0	0	3	343,344,345,346,347,348,349,350,351,352,353,354,355,356,357,358,359,360,361,362,363,364,365,366,367,368,369,370,371,372,373,374,375,376,377,378,379,380,381,382,383,384,385,386,387,388,389,390,391,392,393,394,395,396,397,398,399,400,401,402,403,404,405,406,407,408,409,410,411,412,413,414,415,416,417,418,606,607,608	0	0	A	REVIEW-nonMet
2	559	A	198	197	0	0	0	0	1		0	0	A	REVIEW-nonMet
3	550	A	138	138	0	0	0	0	0		0	0	A	REVIEW-nonMet
4	561	A	97	96	11	0	0	0	1	485,486,492,493,494,495,496,497,498,499,500	0	0	A	REVIEW-nonMet
5	524	A	94	94	0	0	0	0	0		0	0	A	REVIEW-nonMet
6	557	A	72	72	13	0	0	0	0	489,490,491,492,493,494,495,496,506,507,508,509,510	0	0	A	REVIEW-nonMet
7	540	A	60	60	14	0	0	0	0	370,371,372,373,374,375,376,377,378,379,380,441,442,447	0	0	A	REVIEW-nonMet
8	563	A	47	47	2	0	0	0	0	389,478	0	0	A	REVIEW-nonMet
9	551	A	43	43	2	0	0	0	0	344,345	0	0	A	REVIEW-nonMet
10	532	A	38	38	1	0	0	0	0	164	0	0	A	REVIEW-nonMet
11	572	A	31	31	14	0	0	0	0	436,468,469,470,471,472,473,474,475,545,546,547,548,549	0	0	A	REVIEW-nonMet
12	470	A	28	28	0	0	0	0	0		0	0	A	REVIEW-nonMet
13	451	A	22	22	41	0	0	0	0	348,349,350,351,352,353,354,355,356,357,358,359,360,361,362,363,364,365,366,367,368,369,370,371,372,373,374,375,376,377,378,379,380,381,382,383,384,385,483,484,485	0	0	A	REVIEW-nonMet
14	521	A	15	15	46	0	0	0	0	335,336,337,338,339,340,341,342,343,344,345,346,347,348,349,350,351,352,353,354,359,360,361,362,363,364,505,506,507,508,509,510,511,512,513,514,515,516,517,518,519,520,521,522,523,524	0	0	A	REVIEW-nonMet
15	515	A	10	10	0	0	0	0	0		0	0	A	REVIEW-nonMet
16	482	A	10	10	1	0	0	0	0	391	0	0	A	REVIEW-nonMet
17	528	A	9	9	2	0	0	0	0	135,136	0	0	A	REVIEW-nonMet
18	458	G	7	7	0	0	0	0	0		0	0	G	REVIEW-nonMet
19	570	A	7	7	0	0	0	0	0		0	0	A	REVIEW-nonMet
