Alignment	Stop_Col	Stop_Res	Occupancy	Identity_Among_Occupied	Seqs_With_Residue	Final_Seqs
1	0	A	1.000	1.000	768	765
2	0	A	1.000	1.000	198	197
3	0	A	1.000	1.000	138	138
4	0	A	1.000	1.000	97	96
5	0	A	1.000	1.000	94	94
6	0	A	1.000	1.000	72	72
7	0	A	1.000	1.000	60	60
8	0	A	1.000	1.000	47	47
9	0	A	1.000	1.000	43	43
10	0	A	1.000	1.000	38	38
11	0	A	1.000	1.000	31	31
12	0	A	1.000	1.000	28	28
13	0	A	1.000	1.000	22	22
14	0	A	1.000	1.000	15	15
15	0	A	1.000	1.000	10	10
16	0	A	1.000	1.000	10	10
17	0	A	1.000	1.000	9	9
18	0	G	1.000	1.000	7	7
19	0	A	1.000	1.000	7	7
