Alignment	Stop_Col	Stop_Res	Occupancy	Identity_Among_Occupied	Seqs_With_Residue	Final_Seqs
1	22	G	0.997	0.998	1330	1321
2	10	G	0.999	1.000	828	818
3	0	G	0.998	1.000	447	446
4	0	G	0.983	1.000	344	342
5	2	G	0.985	1.000	193	170
6	0	G	1.000	1.000	140	139
7	0	G	1.000	1.000	107	105
8	0	G	1.000	1.000	95	94
9	0	G	1.000	1.000	77	77
10	1	G	1.000	1.000	66	65
11	0	G	1.000	1.000	64	64
12	0	G	1.000	1.000	64	64
13	0	G	1.000	1.000	51	51
14	0	G	1.000	1.000	40	40
15	0	G	0.975	1.000	39	38
16	0	G	1.000	1.000	29	29
17	0	G	1.000	1.000	21	21
18	0	G	0.786	1.000	11	11
19	0	G	1.000	1.000	12	12
20	0	G	1.000	1.000	11	11
21	0	G	1.000	1.000	10	10
22	0	G	1.000	1.000	9	9
23	0	G	1.000	1.000	8	8
24	0	G	1.000	1.000	7	7
25	0	G	1.000	1.000	6	6
26	0	G	1.000	1.000	6	6
