Alignment	Ali_Len	First_AA	Original Seqs	Final Seqs	Low_Occ_Cols_Cut	N_Term_Cut	C_Term_Cut	Dash_Starts_Removed	Seq_w_End_Dashes_Removed	Cut_Cols	Identical_Collapsed	Nterm_Stop_Col	Nterm_Stop_Res	Nterm_Flag
1	298	V	29	6	4	0	0	0	0	0,1,2,3,4,5,6,7,8,9,10,11,12,13,14,15,16,17,18,19,20,21,22,23,24,25,26,27,28,29,30,31,32,33,34,35,36,37,38,39,40,41,42,43,44,45,46,47,48,49,50,51,52,53,54,55,56,57,58,59,60,61,62,63,64,65,66,67,68,71,72,73,74	5	69	M	ok
2	325	M	21	17	0	0	0	4	0		0	0	M	ok
3	323	M	7	7	0	0	0	0	0		0	0	M	ok
4	302	M	5	5	10	0	0	0	0	248,249,250,251,306,307,308,309,310,311	0	0	M	ok
5	321	M	5	5	15	15	0	0	0	0,1,2,3,4,5,6,7,8,9,10,11,12,13,14,15,16,17,18,19,20,21,22,23,24,25	0	26	M	ok
6	288	M	5	5	0	0	0	0	0		0	0	M	ok
7	330	M	5	5	3	0	0	0	0	285,331,332	0	0	M	ok
8	321	M	4	4	1	0	0	0	0	7	0	0	M	ok
9	284	K	3	3	0	4	0	0	0	0,1,2,3	0	4	K	REVIEW-nonMet
10	322	M	3	3	0	0	0	0	0		0	0	M	ok
11	318	M	3	3	0	0	0	0	0		0	0	M	ok
12	322	M	3	3	0	0	0	0	0		0	0	M	ok
13	322	M	3	3	0	0	0	0	0		0	0	M	ok
14	282	M	3	3	0	0	0	0	0		0	0	M	ok
