Alignment	Stop_Col	Stop_Res	Occupancy	Identity_Among_Occupied	Seqs_With_Residue	Final_Seqs
1	12	G	0.998	0.999	913	904
2	10	G	0.990	1.000	683	677
3	1	G	0.991	0.995	218	218
4	2	G	0.934	0.992	128	128
5	0	G	1.000	1.000	130	130
6	1	G	0.991	1.000	114	114
7	0	G	1.000	1.000	89	89
8	0	G	1.000	1.000	61	61
9	0	G	1.000	1.000	60	60
10	0	G	1.000	1.000	55	55
11	0	G	1.000	1.000	45	45
12	0	G	1.000	1.000	33	33
13	1	G	1.000	1.000	32	31
14	0	G	1.000	1.000	30	30
15	0	G	1.000	1.000	30	30
16	0	G	1.000	1.000	24	24
17	0	G	1.000	1.000	21	21
18	0	G	1.000	1.000	19	19
19	0	G	1.000	1.000	18	17
20	0	G	1.000	1.000	14	14
21	0	G	1.000	1.000	12	12
22	0	G	0.909	1.000	10	10
23	0	G	1.000	1.000	9	9
24	0	G	1.000	1.000	9	9
25	0	G	1.000	1.000	9	9
26	0	G	1.000	1.000	8	8
27	0	G	1.000	1.000	8	8
28	0	G	1.000	1.000	7	7
29	0	G	1.000	1.000	7	7
30	0	G	1.000	1.000	7	7
31	0	G	1.000	1.000	6	6
32	0	G	1.000	1.000	6	6
