Alignment	Stop_Col	Stop_Res	Occupancy	Identity_Among_Occupied	Seqs_With_Residue	Final_Seqs
1	11	G	0.997	1.000	898	889
2	0	G	0.997	1.000	726	720
3	0	G	1.000	1.000	305	304
4	0	G	0.972	1.000	175	175
5	0	G	1.000	1.000	137	132
6	2	G	0.980	1.000	100	100
7	0	G	1.000	1.000	84	84
8	0	G	1.000	1.000	84	84
9	0	G	1.000	1.000	65	65
10	0	G	0.980	1.000	50	50
11	0	G	1.000	1.000	40	40
12	0	G	1.000	1.000	35	35
13	0	G	1.000	1.000	34	34
14	0	G	1.000	1.000	31	31
15	0	G	1.000	1.000	30	30
16	1	G	1.000	1.000	28	27
17	10	G	1.000	1.000	28	27
18	5	G	1.000	1.000	26	25
19	0	G	1.000	1.000	22	22
20	0	G	1.000	1.000	20	20
21	0	G	1.000	1.000	20	20
22	0	G	1.000	1.000	18	18
23	0	G	1.000	1.000	18	18
24	0	G	1.000	1.000	13	13
25	0	G	1.000	1.000	12	12
26	0	G	1.000	1.000	10	10
27	0	G	1.000	1.000	8	8
28	0	G	1.000	1.000	8	8
29	0	G	1.000	1.000	7	7
