Alignment	Ali_Len	First_AA	Original Seqs	Final Seqs	Low_Occ_Cols_Cut	N_Term_Cut	C_Term_Cut	Dash_Starts_Removed	Seq_w_End_Dashes_Removed	Cut_Cols	Identical_Collapsed	Nterm_Stop_Col	Nterm_Stop_Res	Nterm_Flag
1	2474	M	1339	1161	90	0	0	174	0	2,91,92,93,94,95,96,236,1190,1191,1192,1193,1194,1684,1709,1724,1725,1726,1727,1728,1729,1730,1731,1732,1733,1734,1735,1736,1737,1738,1739,1740,1741,1742,1743,1744,1745,1746,1747,1748,1749,1750,1751,1752,1753,1754,1755,1756,1757,1758,1759,1760,1761,1762,1763,1764,1765,1766,1767,1771,1772,1773,1774,1775,1776,1777,1778,1779,1780,1781,1782,1783,1784,1785,1789,1790,1791,1792,1793,1794,1795,1796,1797,1798,1799,1800,1801,1802,1803,1804	4	0	M	ok
2	2494	M	390	389	38	13	0	0	0	0,1,2,3,4,5,6,7,8,9,10,11,12,1715,1716,1723,1724,1725,1774,1793,1801,1802,1816,1817,1818,1819,1820,1821,1822,1823,1872,1873,1874,1875,1876,2529,2530,2531	1	13	M	ok
3	2507	M	323	320	9	0	0	3	0	11,12,13,14,15,16,17,18,2272	0	0	M	ok
4	2518	M	219	218	56	0	0	0	0	1482,1483,1681,1696,1697,1698,1699,1700,1701,1702,1703,1704,1705,1706,1707,1708,1709,1710,1711,1712,1713,1714,1715,1716,1723,1724,1725,1726,1727,1728,1729,1730,1731,1732,1736,1737,1738,1739,1740,1741,1756,1792,1835,1836,1876,1877,1883,1884,1885,1886,1887,1888,1889,1890,1891,1950	1	0	M	ok
5	2539	M	138	138	51	0	0	0	0	1664,1667,1668,1675,1676,1677,1678,1679,1680,1681,1682,1683,1689,1690,1691,1692,1720,1721,1722,1723,1736,1737,1738,1739,1740,1745,1746,1747,1748,1749,1750,1751,1765,1777,1778,1779,1780,1781,1826,1827,1828,1829,1830,1831,1840,1861,1862,1863,1877,1938,1939	0	0	M	ok
6	2406	M	72	72	28	0	0	0	0	1693,1694,1695,1696,1697,1698,1699,1700,1701,1702,1703,1704,1705,1706,1707,1708,1709,1710,1711,1712,1713,1714,1715,1716,1717,1718,1719,1720	0	0	M	ok
7	2411	M	58	58	13	13	0	0	0	0,1,2,3,4,5,6,7,8,9,10,11,12	0	13	M	ok
8	2545	L	28	24	1	0	0	0	1	0,1,2,3,4,5,6,7,8,9,10,11,12,13,14,15,16,17,18,19,20,21,22,23,24,25,26,27,28,29,30,31,32,33,34,35,36,37,38,39,40,41,42,43,44,45,46,47,48,49,50,51,52,53,54,55,543	3	56	L	REVIEW-nonMet
9	2432	M	23	23	0	0	0	0	0		0	0	M	ok
10	2393	M	11	11	0	0	0	0	0		0	0	M	ok
11	2415	M	6	6	32	0	0	0	0	1673,1674,1675,1676,1677,1678,1679,1680,1681,1682,1683,1684,1685,1686,1687,1688,1689,1690,1691,1709,1710,1711,1712,1714,1793,1794,1795,1802,1803,2444,2445,2446	0	0	M	ok
12	2331	M	6	6	17	0	0	0	0	1721,1722,1723,1724,1725,1726,1727,1728,1729,1730,1731,1732,1733,1734,1735,1736,1737	0	0	M	ok
