Alignment	Ali_Len	First_AA	Original Seqs	Final Seqs	Low_Occ_Cols_Cut	N_Term_Cut	C_Term_Cut	Dash_Starts_Removed	Seq_w_End_Dashes_Removed	Cut_Cols	Identical_Collapsed	Nterm_Stop_Col	Nterm_Stop_Res	Nterm_Flag
1	3392	M	3833	3604	39	0	0	203	26	188,196,197,198,199,200,201,202,203,204,205,206,887,1321,1484,1733,1734,1735,1736,1737,1738,1739,1740,1741,1742,1743,1744,2066,2090,3421,3422,3423,3424,3425,3426,3427,3428,3429,3430	0	0	M	ok
2	3391	M	3348	3191	3	0	0	111	46	2663,3092,3228	0	0	M	ok
3	3390	M	1863	1832	2	0	0	27	4	3100,3200	0	0	M	ok
4	3433	M	1726	1652	40	8	0	3	68	0,1,2,3,4,5,6,7,634,635,636,637,638,639,640,641,642,643,644,866,867,868,869,1240,1241,1242,1243,1244,1245,1246,2322,2323,2324,2325,2326,2327,2335,3323,3324,3325	3	8	M	ok
5	3387	M	766	757	28	0	0	3	6	102,103,120,121,122,123,124,176,189,202,412,413,496,497,498,499,500,501,518,564,565,602,640,641,642,643,644,2178	0	0	M	ok
6	3435	M	653	648	18	0	0	1	4	571,1853,1854,1855,1856,2305,2893,2894,2895,3444,3445,3446,3447,3448,3449,3450,3451,3452	0	0	M	ok
7	3423	M	611	608	0	0	0	2	1		0	0	M	ok
8	3414	M	275	272	14	0	0	1	2	2200,3049,3416,3417,3418,3419,3420,3421,3422,3423,3424,3425,3426,3427	0	0	M	ok
9	3425	M	216	215	11	9	0	1	0	0,1,2,3,4,5,6,7,8,123,124	0	9	M	ok
10	3415	M	183	172	0	0	0	1	10		0	0	M	ok
11	3411	M	164	148	1	0	0	3	13	2275	0	0	M	ok
12	3416	M	89	86	0	0	0	0	3		0	0	M	ok
13	3430	M	44	43	0	0	0	0	1		0	0	M	ok
14	3425	M	34	34	0	0	0	0	0		0	0	M	ok
15	3405	M	32	32	0	0	0	0	0		0	0	M	ok
16	3359	M	28	28	1	0	0	0	0	3359	0	0	M	ok
17	3363	M	23	23	37	36	0	0	0	0,1,2,3,4,5,6,7,8,9,10,11,12,13,14,15,16,17,18,19,20,21,22,23,24,25,26,27,28,29,30,31,32,33,34,35,2530	0	36	M	ok
18	3414	M	13	13	0	0	0	0	0		0	0	M	ok
19	3341	M	11	9	8	8	0	1	0	0,1,2,3,4,5,6,7	1	8	M	ok
20	3341	M	11	10	0	0	0	0	1		0	0	M	ok
21	3429	M	11	11	0	0	0	0	0		0	0	M	ok
22	3459	M	8	7	0	0	0	0	1		0	0	M	ok
23	3377	M	8	8	0	0	0	0	0		0	0	M	ok
24	3385	M	6	6	0	0	0	0	0		0	0	M	ok
