Cluster	N_Seqs	Consensus_Len	Verdict	Substring_Of	Percent_Id	Query_Coverage	Len_Ratio
1	3833	3392	keep	(best: 7)	55.5	0.998	0.991
2	3348	3391	keep	(best: 1)	72.5	1.000	1.000
3	1863	3390	keep	(best: 1)	78.5	1.000	0.999
4	1726	3433	keep	(best: 6)	76.4	1.000	1.000
5	766	3387	keep	(best: 3)	70.3	1.000	0.999
6	653	3434	keep	(best: 22)	48.7	0.994	0.993
7	611	3423	keep	(best: 21)	75.0	1.000	0.998
8	275	3414	keep	(best: 12)	79.9	1.000	0.999
9	216	3425	keep	(best: 13)	65.6	0.996	0.999
10	183	3415	keep	(best: 12)	76.2	0.999	1.000
11	164	3411	keep	(best: 18)	47.3	0.996	0.999
12	89	3416	keep	(best: 14)	42.2	0.991	0.997
13	44	3429	keep	(best: 4)	67.9	0.999	0.999
14	34	3425	keep	(best: 13)	66.8	1.000	0.999
15	32	3405	keep	(best: 11)	62.0	0.998	0.998
16	28	3359	keep	(best: 17)	70.6	0.983	0.999
17	23	3363	keep	(best: 24)	42.1	0.998	0.994
18	13	3414	keep	(best: 21)	58.1	0.997	0.996
19	11	3341	keep	(best: 24)	42.7	0.980	0.987
20	11	3341	keep	(best: 17)	47.4	0.985	0.993
21	11	3429	keep	(best: 4)	58.8	0.997	0.999
22	8	3459	keep				
23	8	3377	keep				
24	6	3385	keep				
