Alignment	Ali_Len	First_AA	Original Seqs	Final Seqs	Low_Occ_Cols_Cut	N_Term_Cut	C_Term_Cut	Dash_Starts_Removed	Seq_w_End_Dashes_Removed	Cut_Cols	Identical_Collapsed	Nterm_Stop_Col	Nterm_Stop_Res	Nterm_Flag
1	218	M	332	319	113	64	0	3	3	0,1,2,3,4,5,6,7,8,9,10,11,12,13,14,15,16,17,18,19,20,21,22,23,24,25,26,27,28,29,30,31,32,33,34,35,36,37,38,39,40,41,42,43,44,45,46,47,48,49,50,51,52,53,54,55,56,57,58,59,60,61,62,63,75,86,90,122,240,241,242,243,244,245,246,247,248,249,282,283,284,285,286,287,302,303,304,305,306,307,308,309,310,311,312,313,314,315,316,317,318,319,320,321,322,323,324,325,326,327,328,329,330	7	64	M	ok
2	226	M	92	71	28	26	0	3	16	0,1,2,3,4,5,6,7,8,9,10,11,12,13,14,15,16,17,18,19,20,21,22,23,24,25,69,70	2	26	M	ok
3	238	M	75	57	7	0	0	17	0	45,47,48,53,74,75,76	1	0	M	ok
4	218	M	64	64	0	0	0	0	0		0	0	M	ok
5	221	M	61	61	14	14	0	0	0	0,1,2,3,4,5,6,7,8,9,10,11,12,13	0	14	M	ok
6	231	M	33	32	15	14	0	0	0	0,1,2,3,4,5,6,7,8,9,10,11,12,13,77	1	14	M	ok
7	219	M	25	25	37	37	0	0	0	0,1,2,3,4,5,6,7,8,9,10,11,12,13,14,15,16,17,18,19,20,21,22,23,24,25,26,27,28,29,30,31,32,33,34,35,36	0	37	M	ok
8	223	M	21	20	2	0	0	1	0	66,67	0	0	M	ok
9	219	M	21	21	1	0	0	0	0	49	0	0	M	ok
10	216	M	19	19	13	0	0	0	0	19,217,218,219,220,221,222,223,224,225,226,227,228	0	0	M	ok
11	226	M	17	17	0	0	0	0	0		0	0	M	ok
12	216	M	13	13	1	0	0	0	0	18	0	0	M	ok
13	204	M	12	12	16	8	0	0	0	0,1,2,3,4,5,6,7,13,14,15,16,17,18,19,20	0	8	M	ok
14	205	M	10	9	0	0	0	1	0		0	0	M	ok
15	189	M	10	10	0	0	0	0	0		0	0	M	ok
16	218	M	10	10	11	0	0	0	0	218,219,220,221,222,223,224,225,226,227,228	0	0	M	ok
17	190	M	9	9	0	0	0	0	0		0	0	M	ok
18	222	M	6	6	0	0	0	0	0		0	0	M	ok
19	222	M	6	5	0	0	0	0	1	0,1,2,3,4,5,6,7,8,9,10,11,12,13	0	14	M	ok
20	217	M	6	6	0	0	0	0	0		0	0	M	ok
21	217	M	6	6	0	0	0	0	0		0	0	M	ok
22	228	M	6	6	0	0	0	0	0		0	0	M	ok
