Alignment	Ali_Len	First_AA	Original Seqs	Final Seqs	Low_Occ_Cols_Cut	N_Term_Cut	C_Term_Cut	Dash_Starts_Removed	Seq_w_End_Dashes_Removed	Cut_Cols	Identical_Collapsed	Nterm_Stop_Col	Nterm_Stop_Res	Nterm_Flag
1	3011	M	1076	720	151	0	0	0	356	11,234,235,238,387,388,389,391,392,393,394,397,398,399,400,401,417,419,420,424,454,455,456,457,458,459,469,470,473,483,490,491,492,493,494,495,496,497,498,499,500,501,502,503,504,505,506,507,508,509,510,511,512,513,514,515,516,525,526,527,532,536,537,542,543,544,545,546,550,551,552,613,646,647,648,649,650,652,653,654,658,659,882,883,884,885,886,901,902,903,904,905,906,907,908,909,910,911,912,913,919,920,923,1005,1024,1025,1026,1027,1083,1084,1085,1086,1087,1088,1100,1901,2330,2331,2332,2333,2335,2336,2337,2338,2339,2345,2346,2347,2348,2361,2362,2363,2364,2460,2463,2490,2837,3148,3149,3150,3151,3152,3153,3154,3155,3156,3157,3158,3159,3160,3161	0	0	M	ok
2	3021	M	315	315	15	0	0	0	0	232,235,386,387,397,484,585,586,587,588,1481,2760,2761,2762,2763	0	0	M	ok
3	3020	M	131	118	27	0	0	0	13	236,392,393,449,479,582,583,584,2156,2186,2232,2233,2234,2242,2243,2244,2351,2429,2430,2431,2432,2444,2445,2446,2447,3035,3036	0	0	M	ok
4	3007	M	50	50	13	0	0	0	0	482,575,576,2236,2237,2238,2239,2266,2282,2336,3017,3018,3019	0	0	M	ok
5	2779	M	49	49	26	0	0	0	0	6,7,8,9,10,15,2025,2026,2027,2028,2061,2105,2124,2145,2160,2161,2162,2163,2164,2165,2166,2194,2219,2220,2771,2772	0	0	M	ok
6	3033	M	41	34	12	0	0	0	7	231,232,236,386,402,488,489,490,581,582,583,2290	0	0	M	ok
7	2943	M	33	29	25	0	0	0	4	392,393,394,397,398,400,401,855,2328,2349,2358,2359,2360,2363,2364,2365,2366,2370,2371,2372,2920,2921,2922,2923,2959	0	0	M	ok
8	3017	M	31	28	92	80	0	2	1	0,1,2,3,4,5,6,7,8,9,10,11,12,13,14,15,16,17,18,19,20,21,22,23,24,25,26,27,28,29,30,31,32,33,34,35,36,37,38,39,40,41,42,43,44,45,46,47,48,49,50,51,52,53,54,55,56,57,58,59,60,61,62,63,64,65,66,67,68,69,70,71,72,73,74,75,76,77,78,79,110,111,112,113,295,2169,2170,2174,2175,2176,2300,2301	0	80	M	ok
9	3144	M	13	9	143	40	0	0	4	0,1,2,3,4,5,6,7,8,9,10,11,12,13,14,15,16,17,18,19,20,21,22,23,24,25,26,27,28,29,30,31,32,33,34,35,36,37,38,39,505,506,750,2148,2149,2150,2151,2152,2180,2181,2182,2183,2184,2185,2239,2248,2257,2294,2295,2296,2297,2303,2304,2305,2312,2313,2328,2329,2330,2331,2332,2333,2334,2335,2336,2337,2338,2339,2340,2341,2342,2343,2348,2349,2350,2351,2352,2357,2358,2376,2381,2388,2389,2390,2391,2405,2411,2416,2442,2443,2460,2468,2469,2505,2515,2516,2517,2585,2586,2598,2599,2600,2601,2602,2603,2604,2605,2606,2617,2626,2627,2628,2629,2630,2631,2632,3270,3271,3272,3273,3274,3275,3276,3277,3278,3279,3280,3281,3282,3283,3284,3285,3286	0	40	M	ok
10	3259	M	11	11	58	0	0	0	0	2084,2085,2086,2087,2088,2089,2090,2091,2092,2093,2094,2136,2137,2155,2156,2157,2158,2159,2160,2161,2162,2163,2164,2165,2166,2280,2286,2287,2288,2413,2414,2415,2416,2417,2418,2419,2420,2421,2437,2472,2473,2474,2539,2540,2619,2640,2641,2649,2650,2651,2652,2653,2654,2655,2656,2657,2658,2699	0	0	M	ok
11	2777	M	11	11	2	0	0	0	0	8,9	0	0	M	ok
12	3270	M	9	8	63	10	0	0	1	0,1,2,3,4,5,6,7,8,9,26,27,2112,2149,2168,2169,2170,2171,2172,2173,2174,2192,2193,2194,2195,2196,2197,2198,2199,2200,2201,2225,2291,2339,2340,2341,2395,2491,2549,2618,2619,2637,2638,2639,2640,2667,2677,2678,2679,3319,3320,3321,3322,3323,3324,3325,3326,3327,3328,3329,3330,3331,3332	0	10	M	ok
13	2832	M	9	9	3	0	0	0	0	2176,2177,2180	0	0	M	ok
14	3081	M	8	8	6	0	0	0	0	2136,2154,2155,2433,3085,3086	0	0	M	ok
15	2826	M	8	7	8	0	0	1	0	438,439,2091,2105,2135,2136,2826,2827	0	0	M	ok
16	2985	M	6	6	2	7	0	0	0	0,1,2,3,4,5,6	0	7	M	ok
17	2778	M	6	6	0	0	0	0	0		0	0	M	ok
18	2855	M	6	6	34	34	0	0	0	0,1,2,3,4,5,6,7,8,9,10,11,12,13,14,15,16,17,18,19,20,21,22,23,24,25,26,27,28,29,30,31,32,33	0	34	M	ok
19	3607	M	6	6	0	0	0	0	0		0	0	M	ok
20	2992	M	6	6	18	0	0	0	0	2259,2260,2261,2262,2263,2264,2265,2266,2267,2268,2269,2270,2271,2272,2273,2274,2282,2283	0	0	M	ok
