Alignment	Ali_Len	First_AA	Original Seqs	Final Seqs	Low_Occ_Cols_Cut	N_Term_Cut	C_Term_Cut	Dash_Starts_Removed	Seq_w_End_Dashes_Removed	Cut_Cols	Identical_Collapsed	Nterm_Stop_Col	Nterm_Stop_Res	Nterm_Flag
1	297	M	1774	1719	29	25	0	27	13	0,1,2,3,4,5,6,7,8,9,10,11,12,13,14,15,16,17,18,19,20,21,22,23,24,322,323,324,325	6	25	M	ok
3	274	M	83	82	0	0	0	1	0		0	0	M	ok
4	298	M	57	55	0	0	0	1	1		0	0	M	ok
5	309	M	40	40	1	0	0	0	0	58	0	0	M	ok
6	275	M	36	36	0	0	0	0	0		0	0	M	ok
7	265	M	32	32	0	0	0	0	0		0	0	M	ok
8	297	M	26	26	0	0	0	0	0		0	0	M	ok
9	293	M	25	24	17	17	0	0	0	0,1,2,3,4,5,6,7,8,9,10,11,12,13,14,15,16	1	17	M	ok
10	278	M	22	22	0	0	0	0	0		0	0	M	ok
11	303	M	21	21	0	0	0	0	0		0	0	M	ok
12	297	M	20	20	0	0	0	0	0		0	0	M	ok
13	270	M	18	18	0	0	0	0	0		0	0	M	ok
14	287	M	18	18	0	8	0	0	0	0,1,2,3,4,5,6,7	0	8	M	ok
15	313	M	16	16	0	0	0	0	0		0	0	M	ok
16	303	M	12	12	0	0	0	0	0		0	0	M	ok
17	319	M	11	11	0	0	0	0	0		0	0	M	ok
18	255	M	11	11	0	0	0	0	0		0	0	M	ok
19	231	M	10	10	0	0	0	0	0		0	0	M	ok
20	282	M	9	9	0	0	0	0	0		0	0	M	ok
21	305	M	9	9	0	0	0	0	0		0	0	M	ok
22	264	M	9	7	0	0	0	0	0	0,1,2,3,4,5,6,7,8,9,10,11,12,13,14,15,16,17,18,19,20,21,22,23,24,25,26,27,28,29,30,31	2	32	M	ok
23	280	M	8	8	0	0	0	0	0		0	0	M	ok
26	297	M	7	5	4	0	0	2	0	297,298,299,300	0	0	M	ok
27	278	M	6	6	0	0	0	0	0		0	0	M	ok
28	239	M	6	6	0	0	0	0	0		0	0	M	ok
