Alignment	Stop_Col	Stop_Res	Occupancy	Identity_Among_Occupied	Seqs_With_Residue	Final_Seqs
1	0	G	0.999	0.998	1192	1192
2	0	G	1.000	0.998	1143	1143
3	0	G	1.000	1.000	623	623
4	0	G	1.000	1.000	311	311
5	0	Y	0.994	0.981	308	308
6	0	D	1.000	1.000	252	252
7	0	F	1.000	0.993	151	151
8	0	G	1.000	1.000	131	131
9	0	Y	1.000	0.932	117	117
10	1	G	1.000	1.000	85	85
11	0	D	1.000	1.000	40	40
12	0	G	1.000	1.000	39	39
13	1	N	1.000	1.000	21	19
14	1	N	1.000	1.000	21	20
15	0	Y	1.000	0.941	17	17
16	0	D	0.900	0.889	9	9
