Alignment	Ali_Len	First_AA	Original Seqs	Final Seqs	Low_Occ_Cols_Cut	N_Term_Cut	C_Term_Cut	Dash_Starts_Removed	Seq_w_End_Dashes_Removed	Cut_Cols	Identical_Collapsed	Nterm_Stop_Col	Nterm_Stop_Res	Nterm_Flag
1	2161	M	349	329	20	17	0	20	0	0,1,2,3,4,5,6,7,8,9,10,11,12,13,14,15,16,29,658,661	0	17	M	ok
2	2183	M	185	174	46	0	0	2	9	651,657,658,664,682,683,684,685,686,687,688,689,690,691,811,812,869,884,906,911,915,916,917,918,1170,1561,1562,1563,1927,1928,1991,1997,1998,1999,2214,2218,2219,2220,2221,2222,2223,2224,2225,2226,2227,2228	0	0	M	ok
3	2026	M	41	41	4	0	0	0	0	641,642,643,644	0	0	M	ok
4	2129	M	40	37	4	0	0	2	1	631,632,658,2132	0	0	M	ok
5	1786	M	30	30	51	25	0	0	0	0,1,2,3,4,5,6,7,8,9,10,11,12,13,14,15,16,17,18,19,20,21,22,23,24,596,601,608,609,613,619,650,651,700,703,728,729,730,1824,1825,1826,1827,1828,1829,1830,1831,1832,1833,1834,1835,1836	0	25	M	ok
6	2038	M	25	25	13	0	0	0	0	638,639,640,641,642,692,693,694,695,696,697,698,718	0	0	M	ok
7	2043	M	17	17	1	0	0	0	0	681	0	0	M	ok
8	2037	M	15	15	16	0	0	0	0	631,632,633,634,635,636,637,638,658,682,696,697,698,717,718,719	0	0	M	ok
9	2029	M	11	9	0	0	0	2	0		0	0	M	ok
10	2018	M	10	9	0	0	0	1	0		0	0	M	ok
