Alignment	Stop_Col	Stop_Res	Occupancy	Identity_Among_Occupied	Seqs_With_Residue	Final_Seqs
1	13	L	0.999	0.948	1998	1997
2	0	W	1.000	1.000	1146	1146
4	0	L	1.000	0.965	202	202
6	0	Y	1.000	0.931	72	72
7	0	F	1.000	0.952	63	63
8	3	E	1.000	0.830	47	47
9	1	D	1.000	1.000	39	38
10	0	L	1.000	0.974	38	38
11	1	D	1.000	0.929	28	28
12	0	L	1.000	1.000	19	19
13	1	D	1.000	0.895	19	19
15	0	L	1.000	0.933	15	13
16	0	L	1.000	0.867	15	15
17	0	F	1.000	0.929	14	14
18	0	F	1.000	0.929	14	14
19	0	Y	1.000	1.000	12	12
21	1	D	1.000	0.909	11	11
22	0	L	1.000	0.889	9	9
23	0	F	1.000	1.000	8	8
24	0	F	1.000	1.000	7	7
25	0	Y	1.000	1.000	7	7
27	0	R	0.833	1.000	5	5
28	0	Y	1.000	1.000	6	6
