Alignment	Ali_Len	First_AA	Original Seqs	Final Seqs	Low_Occ_Cols_Cut	N_Term_Cut	C_Term_Cut	Dash_Starts_Removed	Seq_w_End_Dashes_Removed	Cut_Cols	Identical_Collapsed	Nterm_Stop_Col	Nterm_Stop_Res	Nterm_Flag
1	2127	M	2172	2109	35	16	0	5	29	0,1,2,3,4,5,6,7,8,9,10,11,12,13,14,15,38,1154,1653,1654,2147,2148,2149,2150,2151,2152,2153,2154,2155,2156,2157,2158,2159,2160,2161	29	16	M	ok
2	2109	M	141	139	0	0	0	0	2		0	0	M	ok
3	2109	M	92	68	0	0	0	2	22		0	0	M	ok
4	2095	M	42	41	15	8	0	0	1	0,1,2,3,4,5,6,7,383,384,385,386,387,388,1531	0	8	M	ok
5	2191	M	41	38	0	0	0	2	1		0	0	M	ok
6	2092	M	24	24	0	0	0	0	0		0	0	M	ok
7	2144	M	24	23	0	3	0	1	0	0,1,2	0	3	M	ok
8	2136	M	22	21	15	15	0	1	0	0,1,2,3,4,5,6,7,8,9,10,11,12,13,14	0	15	M	ok
9	2175	M	21	21	0	0	0	0	0		0	0	M	ok
10	2078	M	20	20	0	0	0	0	0	0,1,2,3,4,5,6,7	0	8	M	ok
11	2117	M	19	19	0	0	0	0	0		0	0	M	ok
12	2226	M	16	16	0	0	0	0	0		0	0	M	ok
13	2171	M	15	15	0	0	0	0	0		0	0	M	ok
14	2290	M	15	15	0	0	0	0	0		0	0	M	ok
15	2177	M	15	15	0	0	0	0	0		0	0	M	ok
16	2129	M	14	14	0	0	0	0	0		0	0	M	ok
17	2145	M	14	13	0	0	0	0	1		0	0	M	ok
18	2173	M	13	13	1	0	0	0	0	1455	0	0	M	ok
19	2102	M	10	10	0	0	0	0	0		0	0	M	ok
20	2081	M	10	10	0	0	0	0	0		0	0	M	ok
21	2079	M	9	9	32	9	0	0	0	0,1,2,3,4,5,6,7,8,748,749,750,751,752,753,754,755,756,757,758,759,760,761,762,763,764,765,766,767,768,769,770	0	9	M	ok
22	2119	M	9	9	15	8	0	0	0	0,1,2,3,4,5,6,7,1968,1969,1970,1971,2131,2132,2133	0	8	M	ok
23	2206	M	9	8	0	0	0	0	1		0	0	M	ok
24	2075	M	9	9	0	0	0	0	0		0	0	M	ok
25	2140	M	8	8	2	0	0	0	0	564,565	0	0	M	ok
26	2032	M	8	8	0	1	0	0	0	0	0	1	M	ok
27	2104	M	8	7	2	0	0	0	1	697,698	0	0	M	ok
28	2122	M	6	5	1	38	0	0	0	0,1,2,3,4,5,6,7,8,9,10,11,12,13,14,15,16,17,18,19,20,21,22,23,24,25,26,27,28,29,30,31,32,33,34,35,36,37	1	38	M	ok
29	2123	M	6	5	0	0	0	0	1		0	0	M	ok
