Cluster	N_Seqs	Consensus_Len	Verdict	Substring_Of	Percent_Id	Query_Coverage	Len_Ratio
1	2172	2127	keep	(best: 15)	36.9	0.977	0.977
2	141	2109	keep	(best: 11)	45.3	0.967	0.996
3	92	2109	keep	(best: 11)	45.4	0.964	0.996
4	42	2095	keep	(best: 2)	53.4	0.992	0.993
5	41	2191	keep	(best: 12)	37.9	0.982	0.984
6	24	2092	keep	(best: 3)	59.1	0.998	0.992
7	24	2144	keep	(best: 15)	38.9	0.979	0.985
8	22	2136	keep	(best: 17)	36.2	0.991	0.996
9	21	2175	keep	(best: 5)	48.7	0.970	0.993
10	20	2078	keep	(best: 4)	46.3	0.957	0.992
11	19	2117	keep	(best: 17)	40.7	0.966	0.987
12	16	2226	keep				
13	15	2171	keep	(best: 9)	64.6	1.000	0.998
14	15	2290	keep				
15	15	2177	keep	(best: 5)	46.1	0.978	0.994
16	14	2129	keep	(best: 17)	51.6	0.953	0.993
17	14	2145	keep	(best: 18)	37.0	0.956	0.987
18	13	2173	keep	(best: 15)	51.4	0.964	0.998
19	10	2102	keep	(best: 2)	53.5	0.997	0.997
20	10	2081	keep				
21	9	2078	keep	(best: 6)	47.8	0.963	0.993
22	9	2119	keep	(best: 28)	63.6	0.999	0.999
23	9	2206	keep	(best: 12)	46.1	0.979	0.991
24	9	2075	keep	(best: 21)	72.3	0.995	0.999
25	8	2140	keep				
26	8	2032	keep	(best: 10)	30.7	0.956	0.978
27	8	2104	keep	(best: 7)	43.4	0.978	0.981
28	6	2122	keep	(best: 17)	39.5	0.957	0.989
29	6	2123	keep	(best: 8)	44.5	0.986	0.994
