Alignment	Ali_Len	First_AA	Original Seqs	Final Seqs	Low_Occ_Cols_Cut	N_Term_Cut	C_Term_Cut	Dash_Starts_Removed	Seq_w_End_Dashes_Removed	Cut_Cols	Identical_Collapsed	Nterm_Stop_Col	Nterm_Stop_Res	Nterm_Flag
1	305	N	861	759	61	0	0	99	0	305,306,307,308,309,310,311,312,313,314,315,316,317,318,319,320,321,322,323,324,325,326,327,328,329,330,331,332,333,334,335,336,337,338,339,340,341,342,343,344,345,346,347,348,349,350,351,352,353,354,355,356,357,358,359,360,361,362,363,364,365	3	0	N	REVIEW-nonMet
2	297	G	672	610	71	34	0	2	0	0,1,2,3,4,5,6,7,8,9,10,11,12,13,14,15,16,17,18,19,20,21,22,23,24,25,26,27,28,29,30,31,32,33,331,332,333,334,335,336,337,338,339,340,341,342,343,344,345,346,347,348,349,350,351,352,353,354,355,356,357,358,359,360,361,362,363,364,365,366,367	60	34	G	REVIEW-nonMet
3	301	G	624	583	68	27	0	0	0	0,1,2,3,4,5,6,7,8,9,10,11,12,13,14,15,16,17,18,19,20,21,22,23,24,25,26,251,329,330,331,332,333,334,335,336,337,338,339,340,341,342,343,344,345,346,347,348,349,350,351,352,353,354,355,356,357,358,359,360,361,362,363,364,365,366,367,368	41	27	G	REVIEW-nonMet
4	307	H	584	478	73	44	0	45	1	0,1,2,3,4,5,6,7,8,9,10,11,12,13,14,15,16,17,18,19,20,21,22,23,24,25,26,27,28,29,30,31,32,33,34,35,36,37,38,39,40,41,42,43,139,140,350,351,355,356,357,358,359,360,361,362,363,364,365,366,367,368,369,370,371,372,373,374,375,376,377,378,379,380,381	60	44	H	REVIEW-nonMet
5	297	G	291	259	59	28	0	0	15	0,1,2,3,4,5,6,7,8,9,10,11,12,13,14,15,16,17,18,19,20,21,22,23,24,25,26,27,325,326,327,328,329,330,331,332,333,334,335,336,337,338,339,340,341,342,343,344,345,346,347,348,349,350,351,352,353,354,355	17	28	G	REVIEW-nonMet
6	305	G	280	216	5	3	0	59	4	0,1,2,29,309	1	3	G	REVIEW-nonMet
7	283	G	267	250	53	21	0	0	15	0,1,2,3,4,5,6,7,8,9,10,11,12,13,14,15,16,17,18,19,20,304,305,306,307,308,309,310,311,312,313,314,315,316,317,318,319,320,321,322,323,324,325,326,327,328,329,330,331,332,333,334,335	2	21	G	REVIEW-nonMet
8	302	G	256	247	55	15	0	0	1	0,1,2,3,4,5,6,7,8,9,10,11,12,13,14,317,318,319,320,321,322,323,324,325,326,327,328,329,330,331,332,333,334,335,336,337,338,339,340,341,342,343,344,345,346,347,348,349,350,351,352,353,354,355,356	8	15	G	REVIEW-nonMet
9	292	G	247	205	46	21	0	1	38	0,1,2,3,4,5,6,7,8,9,10,11,12,13,14,15,16,17,18,19,20,107,151,315,316,317,318,319,320,321,322,323,324,325,326,327,328,329,330,331,332,333,334,335,336,337	3	21	G	REVIEW-nonMet
10	309	G	241	156	1	0	0	84	1	309	0	0	G	REVIEW-nonMet
11	298	G	229	229	0	0	0	0	0		0	0	G	REVIEW-nonMet
12	295	N	184	141	1	0	0	0	43	290	0	0	N	REVIEW-nonMet
13	305	G	171	162	0	0	0	7	2		0	0	G	REVIEW-nonMet
14	291	N	139	136	17	0	0	1	1	291,292,293,294,295,296,297,298,299,300,301,302,303,304,305,306,307	1	0	N	REVIEW-nonMet
15	281	G	137	117	29	0	0	0	13	281,282,283,284,285,286,287,288,289,290,291,292,293,294,295,296,297,298,299,300,301,302,303,304,305,306,307,308,309	7	0	G	REVIEW-nonMet
16	292	N	128	115	14	10	0	7	5	0,1,2,3,4,5,6,7,8,9,80,303,304,305	1	10	N	REVIEW-nonMet
17	289	N	122	106	58	21	0	8	6	0,1,2,3,4,5,6,7,8,9,10,11,12,13,14,15,16,17,18,19,20,310,311,312,313,314,315,316,317,318,319,320,321,322,323,324,325,326,327,328,329,330,331,332,333,334,335,336,337,338,339,340,341,342,343,344,345,346	2	21	N	REVIEW-nonMet
19	289	G	101	97	20	10	0	0	1	0,1,2,3,4,5,6,7,8,9,285,295,301,302,303,304,305,306,307,308	3	10	G	REVIEW-nonMet
20	295	G	85	84	0	0	0	1	0		0	0	G	REVIEW-nonMet
21	281	N	82	82	3	0	0	0	0	134,269,270	0	0	N	REVIEW-nonMet
22	281	G	80	73	3	0	0	0	1	281,282,283	6	0	G	REVIEW-nonMet
23	263	P	79	77	0	0	0	0	0	0,1,2,3,4,5,6,7,8,9,10,11,12,13,14,15,16,17,18,19,20,21,22,23,24,25,26,27,28,29,30,31,32,33,34,35,36,37,38,39,40,41,42	2	43	P	REVIEW-nonMet
24	275	N	70	70	0	0	0	0	0		0	0	N	REVIEW-nonMet
25	296	G	69	69	0	0	0	0	0		0	0	G	REVIEW-nonMet
26	292	N	67	55	0	0	0	0	12		0	0	N	REVIEW-nonMet
27	271	N	66	66	4	0	0	0	0	251,272,273,274	0	0	N	REVIEW-nonMet
28	292	G	65	62	57	25	0	0	0	0,1,2,3,4,5,6,7,8,9,10,11,12,13,14,15,16,17,18,19,20,21,22,23,24,317,318,319,320,321,322,323,324,325,326,327,328,329,330,331,332,333,334,335,336,337,338,339,340,341,342,343,344,345,346,347,348	3	25	G	REVIEW-nonMet
29	287	G	62	59	61	51	0	0	0	0,1,2,3,4,5,6,7,8,9,10,11,12,13,14,15,16,17,18,19,20,21,22,23,24,25,26,27,28,29,30,31,32,33,34,35,36,37,38,39,40,41,42,43,44,45,46,47,48,49,50,338,339,340,341,342,343,344,345,346,347	3	51	G	REVIEW-nonMet
30	275	N	61	61	2	0	0	0	0	272,273	0	0	N	REVIEW-nonMet
31	299	G	60	55	20	0	0	1	4	292,293,294,295,296,297,298,299,300,301,302,303,304,305,306,307,308,316,317,318	0	0	G	REVIEW-nonMet
32	305	G	60	60	0	0	0	0	0		0	0	G	REVIEW-nonMet
33	298	N	58	45	1	0	0	1	12	93	0	0	N	REVIEW-nonMet
34	291	N	58	47	1	0	0	0	10	263	1	0	N	REVIEW-nonMet
35	282	A	57	51	0	0	0	6	0		0	0	A	REVIEW-nonMet
36	296	G	56	55	2	0	0	0	1	296,297	0	0	G	REVIEW-nonMet
37	300	N	53	39	7	0	0	6	7	134,301,302,303,304,305,306	1	0	N	REVIEW-nonMet
38	276	N	52	41	3	0	0	11	0	252,253,254	0	0	N	REVIEW-nonMet
39	292	N	50	44	53	20	0	1	4	0,1,2,3,4,5,6,7,8,9,10,11,12,13,14,15,16,17,18,19,312,313,314,315,316,317,318,319,320,321,322,323,324,325,326,327,328,329,330,331,332,333,334,335,336,337,338,339,340,341,342,343,344	1	20	N	REVIEW-nonMet
40	252	P	47	46	0	0	0	0	0	0,1,2,3,4,5,6,7,8,9,10,11,12,13,14,15,16,17,18,19,20,21,22,23,24,25,26,27,28,29,30,31,32,33,34,35,36,37,38,39,40,41,42,43	1	44	P	REVIEW-nonMet
41	292	G	47	47	28	0	0	0	0	287,288,289,290,291,292,293,294,295,296,297,298,299,300,301,302,303,304,305,306,307,308,309,310,316,317,318,319	0	0	G	REVIEW-nonMet
42	294	G	45	45	0	0	0	0	0		0	0	G	REVIEW-nonMet
43	274	N	45	44	7	1	0	0	0	0,86,276,277,278,279,280,281	1	1	N	REVIEW-nonMet
44	282	S	45	43	3	0	0	0	0	282,283,284	2	0	S	REVIEW-nonMet
45	283	A	40	40	0	0	0	0	0		0	0	A	REVIEW-nonMet
46	261	P	40	38	0	1	0	0	0	0,1,2,3,4,5,6,7,8,9,10,11,12,13,14,15,16,17,18,19,20,21,22,23,24,25,26,27,28,29,30,31,32,33,34,35,36,37	2	38	P	REVIEW-nonMet
47	302	N	40	27	3	0	0	0	13	273,274,299	0	0	N	REVIEW-nonMet
48	289	N	39	28	0	0	0	0	11		0	0	N	REVIEW-nonMet
49	278	N	39	37	1	1	0	0	2	0	0	1	N	REVIEW-nonMet
50	296	N	38	32	0	0	0	0	6		0	0	N	REVIEW-nonMet
51	281	N	38	37	3	3	0	0	0	0,1,2	1	3	N	REVIEW-nonMet
52	284	A	35	35	0	0	0	0	0		0	0	A	REVIEW-nonMet
53	295	N	32	25	0	0	0	0	7		0	0	N	REVIEW-nonMet
54	278	G	31	30	2	0	0	0	0	85,100	1	0	G	REVIEW-nonMet
55	297	D	31	17	0	1	0	5	9	0	0	1	D	REVIEW-nonMet
56	303	N	30	20	37	0	0	0	10	303,304,305,306,307,308,309,310,311,312,313,314,315,316,317,318,319,320,321,322,323,324,325,326,327,328,329,330,331,332,333,334,335,336,337,338,339	0	0	N	REVIEW-nonMet
57	296	G	29	22	9	2	0	1	6	0,1,293,294,295,296,297,298,299	0	2	G	REVIEW-nonMet
58	309	G	29	29	0	0	0	0	0		0	0	G	REVIEW-nonMet
59	294	N	29	21	22	0	0	1	7	284,295,296,297,298,299,300,301,302,303,304,305,306,307,308,309,310,311,312,313,314,315	0	0	N	REVIEW-nonMet
60	274	N	29	29	1	1	0	0	0	0	0	1	N	REVIEW-nonMet
61	295	N	28	24	3	0	0	0	3	284,285,286	1	0	N	REVIEW-nonMet
62	287	G	28	28	2	0	0	0	0	287,288	0	0	G	REVIEW-nonMet
63	283	A	26	25	1	0	0	1	0	3	0	0	A	REVIEW-nonMet
64	288	K	26	21	0	0	0	0	0	0,1,2,3,4,5,6,7,8,9,10,11,12	5	13	K	REVIEW-nonMet
65	287	G	26	23	58	26	0	0	3	0,1,2,3,4,5,6,7,8,9,10,11,12,13,14,15,16,17,18,19,20,21,22,23,24,25,313,314,315,316,317,318,319,320,321,322,323,324,325,326,327,328,329,330,331,332,333,334,335,336,337,338,339,340,341,342,343,344	0	26	G	REVIEW-nonMet
66	297	N	25	17	1	0	0	0	8	273	0	0	N	REVIEW-nonMet
67	296	G	23	23	0	0	0	0	0		0	0	G	REVIEW-nonMet
68	299	N	23	18	37	0	0	0	4	299,300,301,302,303,304,305,306,307,308,309,310,311,312,313,314,315,316,317,318,319,320,321,322,323,324,325,326,327,328,329,330,331,332,333,334,335	1	0	N	REVIEW-nonMet
69	282	P	21	21	0	0	0	0	0	0	0	1	P	REVIEW-nonMet
70	288	G	20	20	2	0	0	0	0	288,289	0	0	G	REVIEW-nonMet
71	296	G	20	20	2	2	0	0	0	0,1	0	2	G	REVIEW-nonMet
72	296	G	20	19	0	0	0	0	1		0	0	G	REVIEW-nonMet
73	275	G	19	19	0	0	0	0	0		0	0	G	REVIEW-nonMet
74	274	G	19	19	0	0	0	0	0		0	0	G	REVIEW-nonMet
75	291	N	19	13	0	0	0	0	6		0	0	N	REVIEW-nonMet
76	281	G	18	18	0	0	0	0	0		0	0	G	REVIEW-nonMet
77	273	N	18	18	0	0	0	0	0		0	0	N	REVIEW-nonMet
78	274	N	18	18	2	0	0	0	0	269,270	0	0	N	REVIEW-nonMet
79	291	G	17	17	0	0	0	0	0		0	0	G	REVIEW-nonMet
80	298	T	16	13	0	0	0	3	0		0	0	T	REVIEW-nonMet
81	279	V	16	16	8	13	0	0	0	0,1,2,3,4,5,6,7,8,9,10,11,12,292,293	0	13	V	REVIEW-nonMet
82	275	N	15	15	0	0	0	0	0		0	0	N	REVIEW-nonMet
83	296	G	15	15	0	0	0	0	0		0	0	G	REVIEW-nonMet
84	281	G	15	15	0	0	0	0	0		0	0	G	REVIEW-nonMet
85	274	N	15	15	0	0	0	0	0		0	0	N	REVIEW-nonMet
86	281	G	15	15	11	0	0	0	0	278,279,280,281,282,283,284,285,286,287,291	0	0	G	REVIEW-nonMet
87	313	S	14	12	4	0	0	2	0	313,314,315,316	0	0	S	REVIEW-nonMet
88	272	N	14	14	0	0	0	0	0		0	0	N	REVIEW-nonMet
89	272	N	14	14	0	0	0	0	0		0	0	N	REVIEW-nonMet
90	281	G	14	14	0	0	0	0	0		0	0	G	REVIEW-nonMet
91	296	G	13	12	36	32	0	0	0	0,1,2,3,4,5,6,7,8,9,10,11,12,13,14,15,16,17,18,19,20,21,22,23,24,25,26,27,28,29,30,31,32,33,330,331,332,333	1	34	G	REVIEW-nonMet
92	293	N	13	12	0	0	0	0	1		0	0	N	REVIEW-nonMet
93	297	G	13	8	46	19	0	4	0	0,1,2,3,4,5,6,7,8,9,10,11,12,13,14,15,16,17,18,300,301,302,319,320,321,322,323,324,325,326,327,328,329,330,331,332,333,334,335,336,337,338,339,340,341,342	0	19	G	REVIEW-nonMet
95	292	G	13	9	41	6	0	0	4	0,1,2,3,4,5,298,299,300,301,302,303,304,305,306,307,308,309,310,311,312,313,314,315,316,317,318,319,320,321,322,323,324,325,326,327,328,329,330,331,332	0	6	G	REVIEW-nonMet
96	282	Q	12	10	7	9	0	0	1	0,1,2,3,4,5,6,7,8,291,292,293,294,295	1	9	Q	REVIEW-nonMet
97	288	G	12	12	1	0	0	0	0	3	0	0	G	REVIEW-nonMet
98	272	N	11	11	0	0	0	0	0		0	0	N	REVIEW-nonMet
99	275	N	11	11	0	0	0	0	0		0	0	N	REVIEW-nonMet
100	296	G	11	11	2	2	0	0	0	0,1	0	2	G	REVIEW-nonMet
101	292	N	10	10	0	0	0	0	0		0	0	N	REVIEW-nonMet
102	293	N	10	9	0	0	0	0	1		0	0	N	REVIEW-nonMet
103	283	A	9	9	0	0	0	0	0		0	0	A	REVIEW-nonMet
104	283	A	9	9	0	0	0	0	0		0	0	A	REVIEW-nonMet
105	283	A	9	9	1	0	0	0	0	4	0	0	A	REVIEW-nonMet
106	284	N	9	9	0	0	0	0	0		0	0	N	REVIEW-nonMet
107	294	G	9	9	0	0	0	0	0		0	0	G	REVIEW-nonMet
108	284	S	8	8	16	16	0	0	0	0,1,2,3,4,5,6,7,8,9,10,11,12,13,14,15	0	16	S	REVIEW-nonMet
109	273	N	8	8	0	0	0	0	0		0	0	N	REVIEW-nonMet
110	295	G	8	7	0	0	0	0	1		0	0	G	REVIEW-nonMet
111	287	G	8	8	0	0	0	0	0		0	0	G	REVIEW-nonMet
112	289	N	8	8	0	0	0	0	0		0	0	N	REVIEW-nonMet
113	346	I	8	7	0	0	0	0	1		0	0	I	REVIEW-nonMet
114	272	N	8	8	4	0	0	0	0	272,273,274,275	0	0	N	REVIEW-nonMet
115	296	G	8	8	0	0	0	0	0		0	0	G	REVIEW-nonMet
116	296	G	8	8	0	0	0	0	0		0	0	G	REVIEW-nonMet
117	282	S	8	8	0	0	0	0	0		0	0	S	REVIEW-nonMet
118	284	A	7	7	0	0	0	0	0		0	0	A	REVIEW-nonMet
119	274	G	7	7	0	0	0	0	0		0	0	G	REVIEW-nonMet
120	286	G	7	7	0	0	0	0	0		0	0	G	REVIEW-nonMet
121	286	G	7	5	1	0	0	0	2	286	0	0	G	REVIEW-nonMet
122	290	N	7	5	0	0	0	0	2		0	0	N	REVIEW-nonMet
123	295	N	7	7	0	0	0	0	0		0	0	N	REVIEW-nonMet
124	272	N	7	7	0	0	0	0	0		0	0	N	REVIEW-nonMet
125	292	G	7	6	0	0	0	0	1		0	0	G	REVIEW-nonMet
126	283	A	6	6	0	0	0	0	0		0	0	A	REVIEW-nonMet
127	284	A	6	4	0	0	0	0	2		0	0	A	REVIEW-nonMet
128	290	G	6	6	0	0	0	0	0		0	0	G	REVIEW-nonMet
129	289	N	6	5	0	0	0	0	1		0	0	N	REVIEW-nonMet
