Alignment	Stop_Col	Stop_Res	Occupancy	Identity_Among_Occupied	Seqs_With_Residue	Final_Seqs
1	0	N	0.885	1.000	762	759
2	34	G	0.997	0.999	670	610
3	27	G	1.000	0.998	624	583
4	44	H	0.923	0.996	539	478
5	28	G	1.000	1.000	291	259
6	3	G	0.789	1.000	221	216
7	21	G	1.000	1.000	267	250
8	15	G	1.000	1.000	256	247
9	21	G	0.996	1.000	246	205
10	0	G	0.651	1.000	157	156
11	0	G	1.000	1.000	229	229
12	0	N	1.000	1.000	184	141
13	0	G	0.959	1.000	164	162
14	0	N	0.993	1.000	138	136
15	0	G	1.000	1.000	137	117
16	10	N	0.945	1.000	121	115
17	21	N	0.934	1.000	114	106
19	10	G	1.000	1.000	101	97
20	0	G	0.988	1.000	84	84
21	0	N	1.000	1.000	82	82
22	0	G	1.000	1.000	80	73
23	43	P	1.000	1.000	79	77
24	0	N	1.000	1.000	70	70
25	0	G	1.000	1.000	69	69
26	0	N	1.000	1.000	67	55
27	0	N	1.000	1.000	66	66
28	25	G	1.000	1.000	65	62
29	51	G	1.000	1.000	62	59
30	0	N	1.000	1.000	61	61
31	0	G	0.983	1.000	59	55
32	0	G	1.000	1.000	60	60
33	0	N	0.983	1.000	57	45
34	0	N	1.000	1.000	58	47
35	0	A	0.895	1.000	51	51
36	0	G	1.000	0.982	56	55
37	0	N	0.887	0.957	47	39
38	0	N	0.788	1.000	41	41
39	20	N	0.980	1.000	49	44
40	44	P	1.000	1.000	47	46
41	0	G	1.000	0.979	47	47
42	0	G	1.000	1.000	45	45
43	1	N	1.000	1.000	45	44
44	0	S	1.000	1.000	45	43
45	0	A	1.000	1.000	40	40
46	38	P	1.000	1.000	40	38
47	0	N	1.000	1.000	40	27
48	0	N	1.000	1.000	39	28
49	1	N	1.000	1.000	39	37
50	0	N	1.000	1.000	38	32
51	3	N	1.000	1.000	38	37
52	0	A	1.000	1.000	35	35
53	0	N	1.000	1.000	32	25
54	0	G	1.000	1.000	31	30
55	1	D	0.839	1.000	26	17
56	0	N	1.000	1.000	30	20
57	2	G	0.966	0.929	28	22
58	0	G	1.000	1.000	29	29
59	0	N	0.966	1.000	28	21
60	1	N	1.000	1.000	29	29
61	0	N	1.000	1.000	28	24
62	0	G	1.000	1.000	28	28
63	0	A	0.962	1.000	25	25
64	13	K	1.000	0.962	26	21
65	26	G	1.000	0.923	26	23
66	0	N	1.000	1.000	25	17
67	0	G	1.000	1.000	23	23
68	0	N	1.000	1.000	23	18
69	1	P	1.000	0.524	21	21
70	0	G	1.000	1.000	20	20
71	2	G	1.000	1.000	20	20
72	0	G	1.000	1.000	20	19
73	0	G	1.000	1.000	19	19
74	0	G	1.000	0.947	19	19
75	0	N	1.000	1.000	19	13
76	0	G	1.000	1.000	18	18
77	0	N	1.000	1.000	18	18
78	0	N	1.000	1.000	18	18
79	0	G	1.000	1.000	17	17
80	0	T	0.812	1.000	13	13
81	13	V	1.000	1.000	16	16
82	0	N	1.000	1.000	15	15
83	0	G	1.000	1.000	15	15
84	0	G	1.000	1.000	15	15
85	0	N	1.000	1.000	15	15
86	0	G	1.000	1.000	15	15
87	0	S	0.857	1.000	12	12
88	0	N	1.000	1.000	14	14
89	0	N	1.000	1.000	14	14
90	0	G	1.000	1.000	14	14
91	34	G	1.000	1.000	13	12
92	0	N	1.000	1.000	13	12
93	19	G	0.667	1.000	8	8
95	6	G	1.000	1.000	13	9
96	9	Q	1.000	1.000	12	10
97	0	G	1.000	1.000	12	12
98	0	N	1.000	1.000	11	11
99	0	N	1.000	1.000	11	11
100	2	G	1.000	1.000	11	11
101	0	N	1.000	1.000	10	10
102	0	N	1.000	1.000	10	9
103	0	A	1.000	1.000	9	9
104	0	A	1.000	1.000	9	9
105	0	A	1.000	1.000	9	9
106	0	N	1.000	0.778	9	9
107	0	G	1.000	1.000	9	9
108	16	S	1.000	1.000	8	8
109	0	N	1.000	1.000	8	8
110	0	G	1.000	1.000	8	7
111	0	G	1.000	1.000	8	8
112	0	N	1.000	1.000	8	8
113	0	I	1.000	1.000	8	7
114	0	N	1.000	1.000	8	8
115	0	G	1.000	1.000	8	8
116	0	G	1.000	1.000	8	8
117	0	S	1.000	1.000	8	8
118	0	A	1.000	1.000	7	7
119	0	G	1.000	1.000	7	7
120	0	G	1.000	1.000	7	7
121	0	G	1.000	1.000	7	5
122	0	N	1.000	1.000	7	5
123	0	N	1.000	1.000	7	7
124	0	N	1.000	1.000	7	7
125	0	G	1.000	1.000	7	6
126	0	A	1.000	1.000	6	6
127	0	A	1.000	1.000	6	4
128	0	G	1.000	1.000	6	6
129	0	N	1.000	1.000	6	5
