Cluster	N_Seqs	Consensus_Len	Verdict	Substring_Of	Percent_Id	Query_Coverage	Len_Ratio
1	861	305	keep				
2	672	297	keep	(best: 11)	60.9	0.990	0.997
3	624	301	keep	(best: 8)	78.1	1.000	0.997
4	584	309	keep	(best: 87)	71.0	0.964	0.987
5	291	297	keep	(best: 11)	62.5	0.987	0.997
6	280	303	keep	(best: 58)	76.1	1.000	0.981
7	267	283	keep	(best: 101)	72.2	0.975	0.969
8	256	302	keep	(best: 32)	70.6	1.000	0.997
9	247	292	keep	(best: 31)	74.8	0.952	0.980
10	241	307	keep	(best: 58)	68.5	1.000	0.994
11	229	298	keep	(best: 13)	64.1	0.997	0.977
12	184	293	keep	(best: 53)	83.8	1.000	0.993
13	171	305	keep				
14	139	291	keep	(best: 1)	100.0	1.000	0.954
15	137	281	keep	(best: 7)	76.7	1.000	0.993
16	128	292	keep	(best: 55)	67.4	0.955	0.983
17	122	289	keep	(best: 101)	77.6	0.990	0.990
18	107	261	TRUNCATED	80	76.2	1.000	0.876
19	101	288	keep	(best: 36)	77.5	1.000	0.983
20	85	295	keep	(best: 13)	66.9	1.000	0.967
21	82	280	keep	(best: 127)	52.2	0.979	0.989
22	80	281	keep	(best: 44)	75.8	0.996	0.996
23	79	304	keep	(best: 10)	71.8	0.993	0.990
24	70	273	keep	(best: 78)	66.2	0.996	0.996
25	69	296	keep	(best: 11)	70.0	0.990	0.993
26	67	292	keep	(best: 59)	81.3	1.000	0.993
27	66	271	keep	(best: 114)	78.3	1.000	0.996
28	65	292	keep	(best: 55)	73.0	0.962	0.983
29	62	287	keep	(best: 128)	72.8	0.972	0.990
30	61	274	keep	(best: 49)	67.6	0.989	0.986
31	60	298	keep	(best: 37)	71.0	0.997	0.993
32	60	303	keep	(best: 10)	81.9	1.000	0.987
33	58	296	keep	(best: 56)	73.0	0.997	0.990
34	58	288	keep	(best: 59)	81.6	1.000	0.980
35	57	282	keep	(best: 126)	71.4	1.000	0.996
36	56	293	keep	(best: 66)	43.8	0.959	0.990
37	53	300	keep				
38	52	276	keep	(best: 49)	70.2	0.978	0.993
39	50	292	keep	(best: 55)	66.3	0.952	0.983
40	47	288	keep	(best: 115)	73.7	0.986	0.973
41	47	288	keep	(best: 28)	75.2	0.965	0.986
42	45	294	keep	(best: 11)	70.7	0.993	0.987
43	45	273	keep	(best: 49)	76.5	1.000	0.982
44	45	282	keep	(best: 7)	73.3	0.996	0.996
45	40	283	keep	(best: 52)	72.4	0.979	0.996
46	40	294	keep	(best: 100)	77.4	1.000	0.993
47	40	299	keep				
48	39	289	keep	(best: 12)	77.1	1.000	0.986
49	39	278	keep	(best: 66)	45.2	0.957	0.939
50	38	294	keep	(best: 53)	81.7	1.000	0.997
51	38	275	keep	(best: 38)	74.1	0.993	0.996
52	35	284	keep	(best: 25)	45.3	0.986	0.959
53	32	295	keep	(best: 66)	81.1	1.000	0.997
54	31	278	keep	(best: 7)	80.3	0.996	0.982
55	31	297	keep	(best: 37)	73.4	0.976	0.990
56	30	299	keep				
57	29	294	keep	(best: 55)	77.5	0.966	0.990
58	29	309	keep				
59	29	294	keep	(best: 66)	75.1	1.000	0.993
60	29	274	keep	(best: 51)	79.0	1.000	0.996
61	28	295	keep	(best: 47)	77.7	1.000	0.987
62	28	287	keep	(best: 70)	78.1	1.000	0.997
63	26	283	keep	(best: 52)	62.4	0.993	0.996
64	26	300	keep	(best: 6)	74.6	0.993	0.990
65	26	287	keep	(best: 128)	61.5	0.993	0.990
66	25	296	keep	(best: 68)	69.6	1.000	0.993
67	23	295	keep	(best: 115)	75.8	0.990	0.997
68	23	298	keep	(best: 47)	79.3	1.000	0.997
69	21	283	keep	(best: 52)	61.3	0.993	0.996
70	20	288	keep	(best: 36)	73.0	1.000	0.983
71	20	295	keep	(best: 100)	72.6	1.000	0.997
72	20	296	keep	(best: 11)	66.2	0.986	0.993
73	19	275	keep	(best: 21)	56.9	0.989	0.982
74	19	274	keep	(best: 73)	82.8	0.996	0.996
75	19	291	keep	(best: 12)	78.4	1.000	0.993
76	18	281	keep	(best: 17)	72.0	0.993	0.972
77	18	273	keep	(best: 78)	73.8	0.996	0.996
78	18	274	keep	(best: 49)	64.4	0.996	0.986
79	17	281	keep	(best: 101)	76.0	0.979	0.962
80	16	298	keep	(best: 6)	61.5	0.993	0.983
81	16	286	keep	(best: 29)	74.1	0.986	0.997
82	15	274	keep	(best: 99)	67.2	1.000	0.996
83	15	296	keep	(best: 5)	63.3	1.000	0.997
84	15	281	keep	(best: 39)	71.1	0.972	0.962
85	15	274	keep	(best: 99)	68.0	1.000	0.996
86	15	281	keep	(best: 117)	72.3	0.989	0.996
87	14	313	keep				
88	14	272	keep	(best: 30)	81.6	1.000	0.993
89	14	272	keep	(best: 30)	82.0	1.000	0.993
90	14	281	keep	(best: 101)	70.1	0.975	0.962
91	13	298	keep	(best: 6)	63.2	0.993	0.983
92	13	293	keep	(best: 68)	73.2	1.000	0.983
93	13	297	keep	(best: 11)	60.9	0.990	0.997
94	13	271	TRUNCATED	4	98.2	1.000	0.877
95	13	291	keep	(best: 55)	77.6	0.983	0.980
96	12	287	keep	(best: 95)	67.8	0.979	0.986
97	12	288	keep	(best: 115)	68.9	0.990	0.973
98	11	272	keep	(best: 85)	75.7	1.000	0.993
99	11	275	keep	(best: 49)	66.4	0.967	0.989
100	11	296	keep	(best: 91)	74.7	1.000	0.993
101	10	292	keep	(best: 55)	70.3	0.952	0.983
102	10	293	keep	(best: 47)	76.0	1.000	0.980
103	9	283	keep	(best: 118)	63.1	0.979	0.996
104	9	283	keep	(best: 52)	76.7	1.000	0.996
105	9	283	keep	(best: 52)	81.7	1.000	0.996
106	9	284	keep	(best: 112)	72.0	0.954	0.993
107	9	281	keep	(best: 101)	74.0	0.972	0.962
108	8	284	keep	(best: 3)	81.9	0.993	0.944
109	8	273	keep	(best: 30)	69.6	1.000	0.996
110	8	295	keep	(best: 116)	72.3	1.000	0.997
111	8	276	keep	(best: 29)	99.3	1.000	0.962
112	8	286	keep	(best: 39)	72.2	0.997	0.979
113	8	346	keep				
114	8	272	keep	(best: 99)	74.3	0.996	0.989
115	8	296	keep	(best: 11)	64.6	0.993	0.993
116	8	296	keep	(best: 2)	67.7	1.000	0.997
117	8	282	keep	(best: 7)	78.1	0.982	0.996
118	7	284	keep	(best: 40)	47.2	0.993	0.986
119	7	274	keep	(best: 73)	72.0	1.000	0.996
120	7	285	keep	(best: 97)	57.0	0.989	0.990
121	7	279	keep	(best: 37)	71.8	0.978	0.930
122	7	290	keep	(best: 102)	68.9	1.000	0.990
123	7	294	keep	(best: 66)	74.5	0.997	0.993
124	7	272	keep	(best: 109)	78.3	0.996	0.996
125	7	292	keep	(best: 55)	67.8	0.966	0.983
126	6	283	keep	(best: 52)	70.9	0.993	0.996
127	6	283	keep	(best: 118)	60.8	0.961	0.996
128	6	290	keep	(best: 57)	73.3	0.993	0.986
129	6	289	keep	(best: 122)	80.0	1.000	0.997
