Alignment	Ali_Len	First_AA	Original Seqs	Final Seqs	Low_Occ_Cols_Cut	N_Term_Cut	C_Term_Cut	Dash_Starts_Removed	Seq_w_End_Dashes_Removed	Cut_Cols	Identical_Collapsed	Nterm_Stop_Col	Nterm_Stop_Res	Nterm_Flag
1	237	M	259	250	5	0	0	2	5	237,238,239,240,241	2	0	M	ok
2	237	M	207	185	15	2	0	15	3	0,1,18,19,20,21,22,23,24,25,26,27,28,250,251	4	2	M	ok
3	223	M	133	113	3	0	0	4	16	223,224,225	0	0	M	ok
4	244	M	129	127	19	17	0	1	0	0,1,2,3,4,5,6,7,8,9,10,11,12,13,14,15,16,148,150	1	17	M	ok
5	242	M	99	98	0	0	0	1	0		0	0	M	ok
6	325	M	73	72	11	0	0	0	1	29,30,31,32,64,83,84,85,86,87,100	0	0	M	ok
7	252	M	72	70	13	11	0	1	0	0,1,2,3,4,5,6,7,8,9,10,22,264	1	11	M	ok
8	250	M	69	68	3	0	0	1	0	95,105,112	0	0	M	ok
9	242	M	68	68	0	0	0	0	0		0	0	M	ok
10	225	M	61	60	6	0	0	1	0	2,15,16,17,105,106	0	0	M	ok
11	259	M	41	41	0	0	0	0	0		0	0	M	ok
12	225	M	38	38	0	0	0	0	0		0	0	M	ok
13	207	M	34	34	0	0	0	0	0		0	0	M	ok
14	217	M	29	28	0	0	0	1	0		0	0	M	ok
15	208	M	22	19	8	0	0	0	1	208,209,210,211,212,213,214,215	2	0	M	ok
16	220	M	19	18	0	0	0	0	1		0	0	M	ok
17	207	M	19	19	0	0	0	0	0		0	0	M	ok
18	249	M	16	15	0	0	0	0	1		0	0	M	ok
19	262	M	13	13	0	0	0	0	0		0	0	M	ok
20	215	M	12	10	2	0	0	2	0	3,4	0	0	M	ok
21	225	M	10	10	0	0	0	0	0		0	0	M	ok
23	229	M	10	10	0	0	0	0	0		0	0	M	ok
24	227	L	10	10	21	0	0	0	0	0,1,2,199,228,229,230,231,232,233,234,235,236,237,238,239,240,241,245,246,247,248,249,250	0	3	M	ok
26	212	M	7	6	0	0	0	0	0	0,1,2,3,4,5,6,7,8,9,10,11,12,13,14,15,16,17,18,19,20,21,22,23,24,25,26,27,28,29,30,31,32,33,34,35,36,37,38,39,40,41,42,43,44	1	45	M	ok
27	218	M	7	5	48	48	0	0	0	0,1,2,3,4,5,6,7,8,9,10,11,12,13,14,15,16,17,18,19,20,21,22,23,24,25,26,27,28,29,30,31,32,33,34,35,36,37,38,39,40,41,42,43,44,45,46,47	2	48	M	ok
28	247	M	7	7	0	0	0	0	0		0	0	M	ok
29	235	M	7	7	0	0	0	0	0		0	0	M	ok
30	229	M	7	4	0	0	0	2	1		0	0	M	ok
31	201	M	6	6	0	0	0	0	0		0	0	M	ok
32	263	M	6	5	53	53	0	0	0	0,1,2,3,4,5,6,7,8,9,10,11,12,13,14,15,16,17,18,19,20,21,22,23,24,25,26,27,28,29,30,31,32,33,34,35,36,37,38,39,40,41,42,43,44,45,46,47,48,49,50,51,52	1	53	M	ok
33	226	M	6	6	0	0	0	0	0		0	0	M	ok
