Alignment	Ali_Len	First_AA	Original Seqs	Final Seqs	Low_Occ_Cols_Cut	N_Term_Cut	C_Term_Cut	Dash_Starts_Removed	Seq_w_End_Dashes_Removed	Cut_Cols	Identical_Collapsed	Nterm_Stop_Col	Nterm_Stop_Res	Nterm_Flag
1	1456	M	342	342	13	12	0	0	0	0,1,2,3,4,5,6,7,8,9,10,11,141	0	12	M	ok
2	1439	M	84	83	17	0	0	1	0	984,985,986,987,988,989,990,991,992,993,994,995,996,1007,1008,1009,1010	0	0	M	ok
3	1649	M	71	69	34	0	0	2	0	483,484,485,681,682,683,684,685,702,703,704,705,719,720,721,722,723,724,777,778,779,780,781,782,783,800,801,802,803,804,805,806,807,808	0	0	M	ok
4	1625	M	62	62	63	0	0	0	0	528,529,551,552,553,554,555,556,557,558,559,560,561,562,563,564,565,582,621,622,623,624,625,626,627,628,629,630,686,687,688,689,690,691,692,693,694,695,696,715,716,717,718,719,720,721,722,723,724,725,726,727,728,729,730,757,758,1682,1683,1684,1685,1686,1687	0	0	M	ok
5	1545	M	59	58	20	0	0	1	0	451,452,481,482,483,484,485,486,487,488,489,490,491,536,639,640,641,1547,1548,1549	0	0	M	ok
6	1562	M	51	49	14	0	0	2	0	495,496,497,508,509,510,511,512,513,514,515,516,625,649	0	0	M	ok
7	1391	M	36	36	2	0	0	0	0	776,777	0	0	M	ok
8	1365	M	33	32	0	0	0	0	1		0	0	M	ok
9	1323	M	27	27	1	0	0	0	0	467	0	0	M	ok
10	1417	M	23	23	0	0	0	0	0		0	0	M	ok
11	1294	M	15	15	21	5	0	0	0	0,1,2,3,4,10,11,12,13,14,15,16,17,18,19,20,21,22,23,24,25	0	5	M	ok
12	1300	M	12	12	0	0	0	0	0		0	0	M	ok
13	1541	M	12	12	0	0	0	0	0		0	0	M	ok
14	1641	M	11	11	10	0	0	0	0	403,404,1638,1639,1640,1646,1647,1648,1649,1650	0	0	M	ok
15	1298	M	11	11	34	0	0	0	0	229,230,412,413,414,415,416,417,418,470,471,472,473,474,475,476,477,478,479,480,481,482,483,484,485,486,487,488,492,493,873,874,875,1331	0	0	M	ok
16	1548	M	10	9	12	0	0	1	0	504,511,512,513,1498,1499,1500,1501,1502,1503,1504,1505	0	0	M	ok
17	1387	M	10	10	7	0	0	0	0	342,343,352,353,354,355,356	0	0	M	ok
18	1551	M	10	9	7	0	0	1	0	474,475,476,477,478,1546,1557	0	0	M	ok
19	1720	M	10	10	23	0	0	0	0	433,434,435,436,437,438,439,440,531,547,548,549,550,551,552,553,554,555,556,557,558,559,560	0	0	M	ok
20	1451	M	9	9	5	0	0	0	0	1352,1353,1354,1355,1356	0	0	M	ok
21	1361	M	8	8	0	0	0	0	0		0	0	M	ok
22	1297	M	8	7	0	0	0	0	1		0	0	M	ok
23	1680	M	6	6	6	0	0	0	0	504,505,506,507,508,509	0	0	M	ok
24	1335	M	6	6	0	0	0	0	0		0	0	M	ok
25	1591	M	6	6	0	0	0	0	0		0	0	M	ok
26	1545	M	6	6	32	24	0	0	0	0,1,2,3,4,5,6,7,8,9,10,11,12,13,14,15,16,17,18,19,20,21,22,23,551,552,553,554,555,556,557,558	0	24	M	ok
