Alignment	Stop_Col	Stop_Res	Occupancy	Identity_Among_Occupied	Seqs_With_Residue	Final_Seqs
1	9	G	0.997	0.999	1561	1545
2	11	G	0.942	0.999	1351	1342
3	0	G	1.000	0.998	568	565
4	6	V	0.994	0.989	471	409
5	2	G	0.987	1.000	294	282
6	0	G	1.000	1.000	242	240
7	0	G	0.995	1.000	193	193
8	0	G	0.733	1.000	107	107
9	0	G	1.000	1.000	96	95
10	1	G	0.958	1.000	92	92
11	0	G	0.974	1.000	74	74
12	0	G	1.000	1.000	68	67
13	0	G	1.000	1.000	68	68
14	6	G	1.000	1.000	48	48
15	0	G	0.938	1.000	45	45
17	0	G	0.925	1.000	37	36
18	0	G	1.000	1.000	33	33
19	0	G	1.000	0.958	24	24
20	0	G	1.000	0.957	23	23
21	0	G	1.000	1.000	22	22
22	0	G	1.000	1.000	21	21
23	0	G	0.952	1.000	20	20
24	0	G	1.000	1.000	17	17
25	7	H	1.000	1.000	16	14
26	0	G	1.000	1.000	15	11
27	0	G	1.000	1.000	13	13
28	0	G	1.000	1.000	12	12
29	12	G	1.000	1.000	12	11
30	0	G	1.000	1.000	12	11
31	6	V	1.000	1.000	11	11
32	6	V	1.000	0.875	8	8
33	0	G	1.000	1.000	7	7
34	0	G	1.000	1.000	7	7
35	5	R	1.000	0.833	6	6
36	0	G	1.000	1.000	6	6
