Alignment	Ali_Len	First_AA	Original Seqs	Final Seqs	Low_Occ_Cols_Cut	N_Term_Cut	C_Term_Cut	Dash_Starts_Removed	Seq_w_End_Dashes_Removed	Cut_Cols	Identical_Collapsed	Nterm_Stop_Col	Nterm_Stop_Res	Nterm_Flag
1	279	M	352	318	65	0	0	31	1	154,246,253,278,279,280,281,282,283,284,285,290,291,292,293,294,295,296,297,298,299,300,301,302,303,304,305,306,307,308,309,310,311,312,313,314,315,316,317,318,319,320,321,322,323,324,325,326,327,328,329,330,331,332,333,334,335,336,337,338,339,340,341,342,343	2	0	M	ok
2	283	L	137	128	16	14	0	8	1	0,1,2,3,4,5,6,7,8,9,10,11,12,13,271,279	0	14	M	ok
3	300	M	107	106	6	0	0	0	0	4,299,300,303,304,305	1	0	M	ok
4	263	N	71	69	2	2	0	0	0	0,1,2,3,4,5,6,7,8,9,10,11,12,13,14,15,16,17,18,19,20,21,22,23,24,25,26,27,28,29,30,31	2	32	N	REVIEW-nonMet
5	290	M	47	46	7	0	0	1	0	92,93,153,154,155,156,157	0	0	M	ok
6	299	M	32	31	0	0	0	1	0		0	0	M	ok
7	280	M	26	26	2	0	0	0	0	276,281	0	0	M	ok
8	286	M	24	23	0	0	0	1	0		0	0	M	ok
9	287	M	23	22	5	0	0	1	0	287,288,289,290,291	0	0	M	ok
10	289	M	22	20	0	0	0	0	0	0,1	2	2	M	ok
11	294	M	18	18	6	0	0	0	0	266,267,268,269,270,271	0	0	M	ok
12	303	M	16	16	0	0	0	0	0		0	0	M	ok
13	317	M	15	15	0	0	0	0	0		0	0	M	ok
14	289	M	14	14	0	0	0	0	0		0	0	M	ok
15	280	M	14	11	1	0	0	3	0	269	0	0	M	ok
16	298	M	12	10	15	0	0	0	2	3,269,281,282,283,284,285,286,287,288,289,290,291,292,293	0	0	M	ok
17	290	M	12	9	0	0	0	0	3		0	0	M	ok
18	320	M	8	7	2	0	0	0	1	264,265	0	0	M	ok
19	285	M	8	8	1	0	0	0	0	278	0	0	M	ok
20	300	M	7	7	0	0	0	0	0		0	0	M	ok
21	288	M	6	6	0	0	0	0	0		0	0	M	ok
