Alignment	Ali_Len	First_AA	Original Seqs	Final Seqs	Low_Occ_Cols_Cut	N_Term_Cut	C_Term_Cut	Dash_Starts_Removed	Seq_w_End_Dashes_Removed	Cut_Cols	Identical_Collapsed	Nterm_Stop_Col	Nterm_Stop_Res	Nterm_Flag
1	450	M	2562	1896	55	0	0	590	34	67,68,69,70,71,72,73,74,75,76,77,78,79,80,81,82,83,84,85,86,87,88,89,90,91,92,93,94,95,96,97,317,318,469,484,485,486,487,488,489,490,491,492,493,494,495,496,497,498,499,500,501,502,503,504	0	0	M	ok
2	450	M	330	229	32	0	0	19	2	38,39,40,41,42,43,44,45,46,47,48,49,50,51,52,53,54,55,56,57,58,59,60,224,225,226,227,477,478,479,480,481	0	0	M	ok
3	422	M	48	37	0	0	0	11	0		0	0	M	ok
4	383	L	39	19	0	0	0	0	0	0,1,2,3,4,5,6,7,8,9,10,11,12,13,14,15,16,17,18,19,20,21,22,23,24,25,26,27,28,29,30,31,32,33,34,35,36,37,38	20	39	L	REVIEW-nonMet
6	387	M	31	24	39	63	0	0	0	0,1,2,3,4,5,6,7,8,9,10,11,12,13,14,15,16,17,18,19,20,21,22,23,24,25,26,27,28,29,30,31,32,33,34,35,36,37,38,39,40,41,42,43,44,45,46,47,48,49,50,51,52,53,54,55,56,57,58,59,60,61,62,114,115,116,117,118	7	63	M	ok
7	488	M	28	21	0	0	0	7	0		0	0	M	ok
8	428	M	24	23	0	0	0	1	0		0	0	M	ok
9	422	M	19	18	0	0	0	1	0		0	0	M	ok
10	426	M	19	19	1	0	0	0	0	426	0	0	M	ok
11	418	M	19	18	20	19	0	0	0	0,1,2,3,4,5,6,7,8,9,10,11,12,13,14,15,16,17,18,437	1	19	M	ok
12	431	M	18	17	0	0	0	1	0		0	0	M	ok
13	427	M	18	18	0	0	0	0	0		0	0	M	ok
14	429	M	18	17	0	11	0	0	0	0,1,2,3,4,5,6,7,8,9,10	1	11	M	ok
15	450	M	16	16	7	0	0	0	0	368,369,370,371,372,373,374	0	0	M	ok
16	478	M	16	16	13	13	0	0	0	0,1,2,3,4,5,6,7,8,9,10,11,12	0	13	M	ok
17	436	M	10	8	0	0	0	1	1		0	0	M	ok
18	542	M	9	6	0	0	0	3	0		0	0	M	ok
19	485	M	9	9	0	0	0	0	0		0	0	M	ok
20	439	M	9	8	0	0	0	1	0		0	0	M	ok
21	496	M	9	9	0	0	0	0	0		0	0	M	ok
22	470	M	8	8	0	0	0	0	0		0	0	M	ok
23	538	M	8	7	0	0	0	0	1		0	0	M	ok
24	456	M	7	6	1	0	0	1	0	38	0	0	M	ok
25	425	M	6	6	0	0	0	0	0		0	0	M	ok
