Alignment	Ali_Len	First_AA	Original Seqs	Final Seqs	Low_Occ_Cols_Cut	N_Term_Cut	C_Term_Cut	Dash_Starts_Removed	Seq_w_End_Dashes_Removed	Cut_Cols	Identical_Collapsed	Nterm_Stop_Col	Nterm_Stop_Res	Nterm_Flag
1	524	M	3488	3276	2	1	0	194	14	0,525	4	1	M	ok
2	499	I	226	202	0	0	0	0	0	0,1,2,3,4,5,6,7,8,9,10,11,12,13,14,15,16,17,18,19,20,21,22,23,24,25,26,27,28,29,30,31,32,33,34,35,36,37,38,39,40,41,42,43,44,45,46,47,48,49,50,51,52,53,54,55,56,57,58,59,60,61,62,63,64,65,66,67,68,69,70,71,72,73,74,75,76,77,78,79,80,81,82,83,84,85,86,87,88,89,90,91,92,93,94,95,96,97,98,99,100,101,102,103,104,105,106,107,108,109,110,111,112,113,114,115,116,117,118,119,120,121,122,123	24	124	I	REVIEW-nonMet
3	524	M	144	139	2	0	0	5	0	524,525	0	0	M	ok
4	517	M	119	119	0	0	0	0	0		0	0	M	ok
5	511	M	85	80	22	1	0	4	0	0,368,369,370,371,372,373,374,375,376,377,378,379,380,381,382,383,384,385,386,387,519	1	1	M	ok
6	561	M	55	52	15	8	0	2	1	0,1,2,3,4,5,6,7,233,234,235,236,237,238,239	0	8	M	ok
7	509	M	51	50	5	4	0	1	0	0,1,2,3,11	0	4	M	ok
8	530	M	33	29	5	0	0	4	0	281,282,495,496,497	0	0	M	ok
9	531	M	33	33	0	0	0	0	0		0	0	M	ok
10	508	M	24	23	15	15	0	1	0	0,1,2,3,4,5,6,7,8,9,10,11,12,13,14	0	15	M	ok
11	512	M	23	23	0	0	0	0	0		0	0	M	ok
12	522	M	22	21	0	0	0	1	0		0	0	M	ok
13	508	M	19	19	6	6	0	0	0	0,1,2,3,4,5	0	6	M	ok
14	513	M	17	17	0	0	0	0	0		0	0	M	ok
15	548	M	17	17	0	0	0	0	0		0	0	M	ok
16	522	M	16	16	0	0	0	0	0		0	0	M	ok
17	519	M	14	13	0	0	0	0	1		0	0	M	ok
18	618	M	13	13	1	0	0	0	0	577	0	0	M	ok
19	533	M	13	10	0	0	0	1	2		0	0	M	ok
20	508	M	11	11	0	0	0	0	0		0	0	M	ok
21	513	M	11	11	0	0	0	0	0		0	0	M	ok
22	526	M	11	10	2	0	0	1	0	526,527	0	0	M	ok
23	527	M	9	9	0	0	0	0	0		0	0	M	ok
24	647	M	8	8	0	0	0	0	0		0	0	M	ok
25	526	M	8	8	0	0	0	0	0		0	0	M	ok
26	610	M	7	7	0	0	0	0	0		0	0	M	ok
27	687	M	7	7	1	0	0	0	0	52	0	0	M	ok
28	512	M	6	6	0	0	0	0	0		0	0	M	ok
29	512	M	6	6	0	0	0	0	0		0	0	M	ok
30	514	M	6	6	0	0	0	0	0		0	0	M	ok
