Alignment	Ali_Len	First_AA	Original Seqs	Final Seqs	Low_Occ_Cols_Cut	N_Term_Cut	C_Term_Cut	Dash_Starts_Removed	Seq_w_End_Dashes_Removed	Cut_Cols	Identical_Collapsed	Nterm_Stop_Col	Nterm_Stop_Res	Nterm_Flag
1	2863	M	63	35	162	0	0	9	4	11,12,13,14,15,282,283,284,285,309,388,525,638,641,642,643,644,1073,1074,1080,1083,1084,1085,1086,1087,1097,1098,1099,1210,1211,1216,1217,1221,1222,1223,1259,1260,1261,1262,1263,1264,1265,1266,1268,1269,1270,1271,1272,1279,1283,1284,1285,1286,1287,1288,1289,1290,1291,1308,1353,1354,1378,1379,1390,1391,1392,1393,1394,1395,1400,1401,1402,1403,1404,1405,2098,2099,2100,2102,2103,2104,2105,2106,2107,2108,2109,2110,2111,2112,2116,2117,2152,2153,2154,2155,2156,2157,2158,2159,2160,2161,2162,2163,2164,2165,2166,2167,2210,2590,2591,2592,2593,2594,2618,2619,2620,2621,2622,2623,2624,2625,2626,2649,2670,2711,2712,2735,2736,2737,2738,2739,2805,2806,2807,2808,2809,2810,2811,2812,2813,2814,2815,2816,2817,2818,2819,2820,2821,2822,2823,2824,2825,2830,2831,2832,2833,2834,2835,2836,2837,2838,2839	0	0	M	ok
2	2369	M	37	31	15	9	0	4	1	0,1,2,3,4,5,6,7,8,40,41,45,46,1243,1933	0	9	M	ok
3	2143	T	13	11	3	13	0	1	1	0,1,2,3,4,5,6,7,8,9,10,11,12,253,254,255	0	13	T	REVIEW-nonMet
4	2218	M	6	3	3	0	0	2	1	220,221,269	0	0	M	ok
5	2284	M	5	5	0	0	0	0	0		0	0	M	ok
6	2279	M	4	4	0	0	0	0	0	0,1,2,3,4,5,6,7,8,9,10,11	0	12	F	REVIEW-nonMet
7	2316	M	3	2	0	0	0	1	0		0	0	M	ok
8	2345	M	3	2	0	0	0	0	0	0,1,2,3,4,5,6	0	7	M	ok
9	2432	M	3	3	0	0	0	0	0		0	0	M	ok
