Alignment	Stop_Col	Stop_Res	Occupancy	Identity_Among_Occupied	Seqs_With_Residue	Final_Seqs
1	0	Y	0.992	0.958	2590	2590
2	1	Y	0.987	0.889	1647	1641
3	0	L	0.959	0.951	1361	1361
4	1	L	0.758	0.991	219	219
5	0	V	1.000	1.000	220	220
6	0	L	0.968	1.000	180	180
7	2	V	1.000	1.000	160	159
8	0	V	0.684	0.967	91	91
9	1	N	1.000	0.877	65	65
10	2	Y	1.000	1.000	61	60
11	12	T	1.000	1.000	47	45
12	0	V	0.976	0.800	40	40
13	1	H	1.000	0.878	41	41
14	0	V	0.973	1.000	36	36
15	1	H	1.000	0.889	36	36
16	0	V	1.000	0.774	31	31
17	0	V	1.000	0.933	30	30
18	0	V	1.000	0.850	20	20
19	0	Y	1.000	1.000	12	12
20	0	I	1.000	0.900	10	10
21	1	Q	1.000	1.000	10	10
22	2	Y	1.000	1.000	9	9
23	0	S	0.889	1.000	8	8
24	0	L	1.000	1.000	8	8
25	0	L	1.000	1.000	8	8
26	0	A	1.000	1.000	8	6
27	0	Y	1.000	1.000	7	7
28	1	H	1.000	1.000	6	6
29	12	T	1.000	1.000	6	6
30	0	Y	1.000	1.000	6	6
31	1	Q	1.000	1.000	6	6
