Alignment	Ali_Len	First_AA	Original Seqs	Final Seqs	Low_Occ_Cols_Cut	N_Term_Cut	C_Term_Cut	Dash_Starts_Removed	Seq_w_End_Dashes_Removed	Cut_Cols	Identical_Collapsed	Nterm_Stop_Col	Nterm_Stop_Res	Nterm_Flag
2	198	M	298	266	1	0	0	29	3	198	0	0	M	ok
3	195	M	168	107	3	3	0	55	0	0,1,2	3	3	M	ok
4	197	M	158	157	45	45	0	0	0	0,1,2,3,4,5,6,7,8,9,10,11,12,13,14,15,16,17,18,19,20,21,22,23,24,25,26,27,28,29,30,31,32,33,34,35,36,37,38,39,40,41,42,43,44	1	45	M	ok
5	363	M	84	81	1	0	0	2	1	122	0	0	M	ok
6	199	M	70	61	16	16	0	0	1	0,1,2,3,4,5,6,7,8,9,10,11,12,13,14,15	8	16	M	ok
7	198	M	51	50	0	0	0	0	1		0	0	M	ok
8	198	M	43	43	0	0	0	0	0		0	0	M	ok
9	195	M	33	31	0	0	0	0	2		0	0	M	ok
10	198	M	31	31	1	0	0	0	0	198	0	0	M	ok
11	187	M	30	28	7	7	0	0	2	0,1,2,3,4,5,6,194,195,196,197,198,199,200	0	7	M	ok
12	197	M	27	27	0	0	0	0	0		0	0	M	ok
15	193	M	22	22	0	0	0	0	0		0	0	M	ok
16	199	M	19	14	0	0	0	1	1		0	0	M	ok
17	213	M	15	15	0	0	0	0	0		0	0	M	ok
18	172	Q	13	5	25	11	0	3	1	0,1,2,3,4,5,6,7,8,9,10,183,184,185,186,187,188,189,190,191,192,193,194,195,196,197,198	4	11	Q	REVIEW-nonMet
19	250	M	12	12	36	36	0	0	0	0,1,2,3,4,5,6,7,8,9,10,11,12,13,14,15,16,17,18,19,20,21,22,23,24,25,26,27,28,29,30,31,32,33,34,35	0	36	M	ok
20	177	G	11	7	13	16	0	0	1	0,1,2,3,4,5,6,7,8,9,10,11,12,13,14,15,16,17,18,19,20,21,22,23,24,25,26,27,28,29,30,31,32,33,34,35,36,37,38,39,40,41,42,43,44,45,46	1	47	G	REVIEW-nonMet
21	199	M	9	9	0	0	0	0	0		0	0	M	ok
22	167	H	9	8	0	0	0	0	0	0,1,2,3,4,5,6,7,8,9,10,11,12,13,14,15,16,17,18,19,20,21,22,23,24,25	1	26	H	REVIEW-nonMet
23	221	M	7	7	0	0	0	0	0		0	0	M	ok
24	192	M	6	6	0	0	0	0	0		0	0	M	ok
25	221	M	6	6	0	0	0	0	0		0	0	M	ok
