Alignment	Stop_Col	Stop_Res	Occupancy	Identity_Among_Occupied	Seqs_With_Residue	Final_Seqs
1	0	A	0.996	0.990	1321	1320
2	0	A	1.000	0.996	503	503
3	0	A	1.000	0.992	240	239
4	1	A	1.000	0.992	129	128
5	0	A	1.000	1.000	91	91
6	0	A	1.000	0.978	91	91
7	0	A	1.000	1.000	85	85
8	0	A	1.000	1.000	40	40
9	0	A	1.000	1.000	34	34
10	0	A	1.000	1.000	32	32
11	0	A	1.000	1.000	30	30
12	0	A	1.000	1.000	30	30
13	0	A	1.000	1.000	21	21
14	0	A	1.000	1.000	21	21
15	0	A	1.000	1.000	15	15
16	0	A	1.000	0.933	15	15
17	0	A	1.000	1.000	13	13
18	0	A	0.923	1.000	12	12
19	0	A	1.000	1.000	9	9
20	0	A	1.000	1.000	8	7
21	0	A	1.000	1.000	8	8
22	0	A	1.000	1.000	7	7
23	0	A	1.000	1.000	7	7
24	0	Y	1.000	1.000	7	7
25	2	P	1.000	1.000	7	6
26	0	A	1.000	1.000	7	7
27	0	A	1.000	1.000	6	6
28	0	A	1.000	1.000	6	6
29	0	A	1.000	1.000	6	6
30	0	A	1.000	1.000	6	6
