Alignment	Ali_Len	First_AA	Original Seqs	Final Seqs	Low_Occ_Cols_Cut	N_Term_Cut	C_Term_Cut	Dash_Starts_Removed	Seq_w_End_Dashes_Removed	Cut_Cols	Identical_Collapsed	Nterm_Stop_Col	Nterm_Stop_Res	Nterm_Flag
1	352	D	1343	1341	62	1	0	0	0	0,353,354,355,356,357,358,359,360,361,362,363,364,365,366,367,368,369,370,371,372,373,374,375,376,377,378,379,380,381,382,383,384,385,386,387,388,389,390,391,392,393,394,395,396,397,398,399,400,401,402,403,404,405,406,407,408,409,410,411,412,413	2	1	D	REVIEW-nonMet
2	352	D	982	981	3	0	0	0	0	352,353,354	1	0	D	REVIEW-nonMet
3	352	D	799	799	3	0	0	0	0	100,353,354	0	0	D	REVIEW-nonMet
4	352	D	428	428	4	0	0	0	0	56,57,58,59	0	0	D	REVIEW-nonMet
5	352	D	427	427	0	0	0	0	0		0	0	D	REVIEW-nonMet
6	352	D	207	204	0	0	0	3	0		0	0	D	REVIEW-nonMet
7	352	D	199	199	1	1	0	0	0	0	0	1	D	REVIEW-nonMet
8	352	D	128	123	63	0	0	0	0	352,353,354,355,356,357,358,359,360,361,362,363,364,365,366,367,368,369,370,371,372,373,374,375,376,377,378,379,380,381,382,383,384,385,386,387,388,389,390,391,392,393,394,395,396,397,398,399,400,401,402,403,404,405,406,407,408,409,410,411,412,413,414	5	0	D	REVIEW-nonMet
9	352	D	115	115	0	0	0	0	0		0	0	D	REVIEW-nonMet
10	352	D	95	93	57	0	0	0	0	352,353,354,355,356,357,358,359,360,361,362,363,364,365,366,367,368,369,370,371,372,373,374,375,376,377,378,379,380,381,382,383,384,385,386,387,388,389,390,391,392,393,394,395,396,397,398,399,400,401,402,403,404,405,406,407,408	2	0	D	REVIEW-nonMet
11	352	D	83	83	0	0	0	0	0		0	0	D	REVIEW-nonMet
12	353	D	62	62	0	0	0	0	0		0	0	D	REVIEW-nonMet
13	352	D	56	53	63	1	0	0	0	0,353,354,355,356,357,358,359,360,361,362,363,364,365,366,367,368,369,370,371,372,373,374,375,376,377,378,379,380,381,382,383,384,385,386,387,388,389,390,391,392,393,394,395,396,397,398,399,400,401,402,403,404,405,406,407,408,409,410,411,412,413,414	3	1	D	REVIEW-nonMet
14	352	D	31	31	0	0	0	0	0		0	0	D	REVIEW-nonMet
15	369	D	19	18	24	0	0	0	0	369,370,371,372,373,374,375,376,377,378,379,380,381,382,383,384,385,386,387,388,389,390,391,392	1	0	D	REVIEW-nonMet
16	352	D	18	18	0	0	0	0	0		0	0	D	REVIEW-nonMet
17	352	D	7	7	0	0	0	0	0		0	0	D	REVIEW-nonMet
18	353	D	7	6	10	0	0	1	0	353,354,355,356,357,358,359,360,361,362	0	0	D	REVIEW-nonMet
19	353	D	7	7	0	0	0	0	0		0	0	D	REVIEW-nonMet
