Alignment	Stop_Col	Stop_Res	Occupancy	Identity_Among_Occupied	Seqs_With_Residue	Final_Seqs
1	1	D	1.000	0.975	1343	1341
2	0	D	1.000	1.000	982	981
3	0	D	1.000	1.000	799	799
4	0	D	1.000	1.000	428	428
5	0	D	1.000	1.000	427	427
6	0	D	0.986	0.995	204	204
7	1	D	1.000	0.995	199	199
8	0	D	1.000	1.000	128	123
9	0	D	1.000	1.000	115	115
10	0	D	1.000	1.000	95	93
11	0	D	1.000	1.000	83	83
12	0	D	1.000	1.000	62	62
13	1	D	1.000	1.000	56	53
14	0	D	1.000	1.000	31	31
15	0	D	1.000	1.000	19	18
16	0	D	1.000	1.000	18	18
17	0	D	1.000	1.000	7	7
18	0	D	0.857	1.000	6	6
19	0	D	1.000	1.000	7	7
