Alignment	Ali_Len	First_AA	Original Seqs	Final Seqs	Low_Occ_Cols_Cut	N_Term_Cut	C_Term_Cut	Dash_Starts_Removed	Seq_w_End_Dashes_Removed	Cut_Cols	Identical_Collapsed	Nterm_Stop_Col	Nterm_Stop_Res	Nterm_Flag
1	1248	M	1003	998	38	0	0	1	1	699,700,701,702,894,895,896,897,898,1053,1054,1055,1056,1057,1058,1059,1060,1061,1062,1063,1064,1065,1066,1067,1068,1069,1070,1071,1119,1120,1278,1279,1280,1281,1282,1283,1284,1285	3	0	M	ok
2	1245	M	259	258	7	0	0	1	0	77,91,328,450,451,452,453	0	0	M	ok
3	1242	M	251	251	1	0	0	0	0	79	0	0	M	ok
4	1259	M	234	233	0	0	0	0	1		0	0	M	ok
5	1255	M	132	132	2	0	0	0	0	6,87	0	0	M	ok
6	1236	M	61	47	31	20	0	11	0	0,1,2,3,4,5,6,7,8,9,10,11,12,13,14,15,16,17,18,19,31,32,33,34,35,36,37,38,39,40,41	3	20	M	ok
7	1242	M	55	52	1	0	0	0	2	697	1	0	M	ok
8	1239	M	39	38	1	0	0	0	0	59	1	0	M	ok
9	1320	M	39	33	6	0	0	6	0	15,104,226,1297,1324,1325	0	0	M	ok
10	1253	M	13	13	0	0	0	0	0		0	0	M	ok
11	1258	M	12	12	0	0	0	0	0		0	0	M	ok
12	1249	M	9	7	0	3	0	2	0	0,1,2	0	3	M	ok
