Alignment	Ali_Len	First_AA	Original Seqs	Final Seqs	Low_Occ_Cols_Cut	N_Term_Cut	C_Term_Cut	Dash_Starts_Removed	Seq_w_End_Dashes_Removed	Cut_Cols	Identical_Collapsed	Nterm_Stop_Col	Nterm_Stop_Res	Nterm_Flag
1	297	M	101	100	3	0	0	1	0	3,4,5	0	0	M	ok
3	304	M	95	95	0	0	0	0	0		0	0	M	ok
4	377	M	52	52	0	0	0	0	0		0	0	M	ok
5	288	M	52	51	2	0	0	1	0	18,19	0	0	M	ok
6	299	M	48	47	75	75	0	0	0	0,1,2,3,4,5,6,7,8,9,10,11,12,13,14,15,16,17,18,19,20,21,22,23,24,25,26,27,28,29,30,31,32,33,34,35,36,37,38,39,40,41,42,43,44,45,46,47,48,49,50,51,52,53,54,55,56,57,58,59,60,61,62,63,64,65,66,67,68,69,70,71,72,73,74	1	75	M	ok
7	291	M	26	26	0	0	0	0	0		0	0	M	ok
8	319	L	24	24	1	1	0	0	0	0	0	1	M	ok
9	315	M	18	17	13	0	0	0	1	15,296,297,298,299,300,301,308,309,324,325,326,327	0	0	M	ok
10	297	M	18	18	0	0	0	0	0		0	0	M	ok
11	292	M	17	16	3	0	0	1	0	27,28,40	0	0	M	ok
12	296	M	16	16	0	0	0	0	0		0	0	M	ok
13	307	M	15	15	0	0	0	0	0		0	0	M	ok
14	307	M	12	11	1	0	0	0	0	307	1	0	M	ok
15	312	M	11	11	4	0	0	0	0	5,6,7,8	0	0	M	ok
16	294	M	9	9	0	0	0	0	0		0	0	M	ok
17	306	P	9	9	2	2	0	0	0	0,1	0	2	P	REVIEW-nonMet
18	319	M	9	7	0	0	0	1	1		0	0	M	ok
19	301	M	8	8	0	0	0	0	0		0	0	M	ok
20	299	M	6	6	0	0	0	0	0		0	0	M	ok
21	288	M	6	6	0	0	0	0	0		0	0	M	ok
22	286	M	6	6	0	0	0	0	0		0	0	M	ok
