Alignment	Ali_Len	First_AA	Original Seqs	Final Seqs	Low_Occ_Cols_Cut	N_Term_Cut	C_Term_Cut	Dash_Starts_Removed	Seq_w_End_Dashes_Removed	Cut_Cols	Identical_Collapsed	Nterm_Stop_Col	Nterm_Stop_Res	Nterm_Flag
1	362	T	2882	2690	98	6	0	16	155	0,1,2,3,4,5,9,11,12,21,22,23,24,31,32,33,34,36,37,38,39,112,113,114,115,117,118,119,120,124,125,126,166,191,221,225,398,399,400,401,402,403,404,405,406,407,408,409,410,411,412,413,414,415,416,417,418,419,420,421,422,423,424,425,426,427,428,429,430,431,432,433,434,435,436,437,438,439,440,441,442,443,444,445,446,447,448,449,450,451,452,453,454,455,456,457,458,459,460	21	6	T	REVIEW-nonMet
2	368	T	1750	1690	42	5	0	4	42	0,1,2,3,4,14,25,26,27,28,30,31,106,107,108,109,113,114,115,116,209,210,212,213,214,217,218,219,220,222,224,225,227,228,229,231,232,233,237,239,240,241,242	14	5	T	REVIEW-nonMet
3	362	T	909	871	85	2	0	28	8	0,1,5,6,11,12,13,14,25,70,106,107,108,109,110,202,207,208,264,265,359,360,361,385,386,387,388,389,390,391,392,393,394,395,396,397,398,399,400,401,402,403,404,405,406,407,408,409,410,411,412,413,414,415,416,417,418,419,420,421,422,423,424,425,426,427,428,429,430,431,432,433,434,435,436,437,438,439,440,441,442,443,444,445,446,447	2	2	T	REVIEW-nonMet
4	366	T	422	405	18	5	0	1	16	0,1,2,3,4,26,27,28,29,49,50,51,52,57,109,110,111,212,213	0	5	T	REVIEW-nonMet
5	362	T	118	111	14	4	0	5	1	0,1,2,3,63,64,100,101,102,103,104,201,202,207,208	1	4	T	REVIEW-nonMet
6	367	T	79	79	1	2	0	0	0	0,1	0	2	T	REVIEW-nonMet
7	362	T	48	48	3	1	0	0	0	0,94,192,193	0	1	T	REVIEW-nonMet
8	361	T	34	34	8	5	0	0	0	0,1,2,3,4,177,178,179,180	0	5	T	REVIEW-nonMet
9	365	A	32	28	6	2	0	4	0	0,1,195,196,197,198,199	0	2	T	REVIEW-nonMet
10	362	T	31	30	2	1	0	0	1	0,191,192	0	1	T	REVIEW-nonMet
11	363	T	22	21	0	1	0	0	0	0	1	1	T	REVIEW-nonMet
12	366	T	15	15	3	1	0	0	0	0,195,198,199	0	1	T	REVIEW-nonMet
13	369	T	13	13	0	1	0	0	0	0	0	1	T	REVIEW-nonMet
15	279	A	11	11	0	0	0	0	0		0	0	A	REVIEW-nonMet
16	368	T	10	10	1	2	0	0	0	0,1	0	2	T	REVIEW-nonMet
17	267	T	10	10	0	0	0	0	0		0	0	T	REVIEW-nonMet
18	366	T	9	9	0	1	0	0	0	0	0	1	T	REVIEW-nonMet
19	334	T	9	8	4	1	0	0	0	0,1,2,3,4,5,6,7,8	1	9	D	REVIEW-nonMet
20	350	F	8	8	1	19	0	0	0	0,1,2,3,4,5,6,7,8,9,10,11,12,13,14,15,16,17,18	0	19	F	REVIEW-nonMet
21	366	P	8	8	3	2	0	0	0	0,1,200,201	0	2	T	REVIEW-nonMet
22	363	T	8	8	0	1	0	0	0	0	0	1	T	REVIEW-nonMet
23	361	T	8	8	3	1	0	0	0	0,96,97,100	0	1	T	REVIEW-nonMet
24	366	T	7	6	1	1	0	1	0	0,97	0	1	T	REVIEW-nonMet
25	362	T	7	7	7	3	0	0	0	0,1,2,192,193,194,195,196	0	3	T	REVIEW-nonMet
26	322	T	7	5	0	0	0	2	0		0	0	T	REVIEW-nonMet
27	279	A	6	6	0	0	0	0	0		0	0	A	REVIEW-nonMet
28	363	T	6	6	3	1	0	0	0	0,191,192,193	0	1	T	REVIEW-nonMet
