Alignment	Stop_Col	Stop_Res	Occupancy	Identity_Among_Occupied	Seqs_With_Residue	Final_Seqs
1	6	T	0.994	0.993	2866	2690
2	5	T	0.998	0.979	1746	1690
3	2	T	0.969	0.988	881	871
4	5	T	0.998	0.969	421	405
5	4	T	0.958	0.991	113	111
6	2	T	1.000	0.975	79	79
7	1	T	1.000	1.000	48	48
8	5	T	1.000	1.000	34	34
9	2	T	0.875	0.964	28	28
10	1	T	1.000	1.000	31	30
11	1	T	1.000	0.955	22	21
12	1	T	1.000	1.000	15	15
13	1	T	1.000	1.000	13	13
15	0	A	1.000	1.000	11	11
16	2	T	1.000	1.000	10	10
17	0	T	1.000	1.000	10	10
18	1	T	1.000	1.000	9	9
19	9	D	1.000	0.444	9	8
20	19	F	1.000	0.875	8	8
21	2	T	1.000	0.750	8	8
22	1	T	1.000	1.000	8	8
23	1	T	1.000	1.000	8	8
24	1	T	0.857	1.000	6	6
25	3	T	1.000	0.857	7	7
26	0	T	0.714	1.000	5	5
27	0	A	1.000	1.000	6	6
28	1	T	1.000	1.000	6	6
