Alignment	Ali_Len	First_AA	Original Seqs	Final Seqs	Low_Occ_Cols_Cut	N_Term_Cut	C_Term_Cut	Dash_Starts_Removed	Seq_w_End_Dashes_Removed	Cut_Cols	Identical_Collapsed	Nterm_Stop_Col	Nterm_Stop_Res	Nterm_Flag
1	900	G	3215	3152	207	200	0	1	62	0,1,2,3,4,5,6,7,8,9,10,11,12,13,14,15,16,17,18,19,20,21,22,23,24,25,26,27,28,29,30,31,32,33,34,35,36,37,38,39,40,41,42,43,44,45,46,47,48,49,50,51,52,53,54,55,56,57,58,59,60,61,62,63,64,65,66,67,68,69,70,71,72,73,74,75,76,77,78,79,80,81,82,83,84,85,86,87,88,89,90,91,92,93,94,95,96,97,98,99,100,101,102,103,104,105,106,107,108,109,110,111,112,113,114,115,116,117,118,119,120,121,122,123,124,125,126,127,128,129,130,131,132,133,134,135,136,137,138,139,140,141,142,143,144,145,146,147,148,149,150,151,152,153,154,155,156,157,158,159,160,161,162,163,164,165,166,167,168,169,170,171,172,173,174,175,176,177,178,179,180,181,182,183,184,185,186,187,188,189,190,191,192,193,194,195,196,197,198,199,810,910,1102,1103,1104,1105,1106	0	200	G	REVIEW-nonMet
2	900	G	2233	2162	7	3	0	2	67	0,1,2,175,271,605,741	2	3	G	REVIEW-nonMet
3	905	G	1267	1194	15	0	0	0	73	357,358,359,759,760,761,911,912,913,914,915,916,917,918,919	0	0	G	REVIEW-nonMet
4	900	G	562	554	4	0	0	0	8	322,323,324,325	0	0	G	REVIEW-nonMet
5	903	G	479	465	1	0	0	0	14	537	0	0	G	REVIEW-nonMet
6	903	G	261	261	0	0	0	0	0		0	0	G	REVIEW-nonMet
7	905	G	202	202	0	0	0	0	0		0	0	G	REVIEW-nonMet
8	906	G	49	48	0	0	0	1	0		0	0	G	REVIEW-nonMet
9	905	G	47	41	0	0	0	0	6		0	0	G	REVIEW-nonMet
10	905	G	32	32	0	0	0	0	0		0	0	G	REVIEW-nonMet
11	888	A	24	22	0	0	0	0	2		0	0	A	REVIEW-nonMet
12	905	G	7	7	0	0	0	0	0		0	0	G	REVIEW-nonMet
