Alignment	Ali_Len	First_AA	Original Seqs	Final Seqs	Low_Occ_Cols_Cut	N_Term_Cut	C_Term_Cut	Dash_Starts_Removed	Seq_w_End_Dashes_Removed	Cut_Cols	Identical_Collapsed	Nterm_Stop_Col	Nterm_Stop_Res	Nterm_Flag
1	448	A	3259	3251	17	0	0	0	8	243,244,245,246,247,251,252,253,268,269,270,271,302,369,371,373,399	0	0	S	REVIEW-nonMet
2	447	S	2150	2111	244	0	0	1	35	109,223,224,245,246,247,248,253,254,255,256,271,272,273,274,275,281,282,283,284,286,287,288,289,290,291,292,293,294,295,296,297,298,299,300,301,326,366,418,419,420,421,422,423,424,425,426,427,428,429,430,431,432,433,434,435,436,437,438,439,440,441,442,443,444,445,446,447,448,457,458,459,460,461,462,463,464,465,466,467,468,469,470,471,472,473,474,475,476,477,478,479,480,481,482,483,484,485,486,487,494,495,496,497,498,499,500,501,502,503,504,505,506,507,508,509,510,511,512,513,514,515,516,517,518,519,520,521,522,523,524,526,527,528,529,530,531,532,533,534,535,536,537,538,539,540,541,542,543,544,545,546,547,548,549,550,551,552,553,554,555,556,558,559,560,561,562,563,564,565,566,567,568,569,570,571,572,573,574,575,576,577,578,579,580,581,582,583,584,585,586,587,588,597,598,599,600,601,602,603,604,605,606,607,608,609,610,611,612,613,614,615,616,617,618,619,620,621,622,623,624,625,626,627,632,633,634,635,636,637,638,639,640,641,642,643,644,645,646,647,677,682,683,684	3	0	S	REVIEW-nonMet
3	452	S	2120	2088	14	0	0	0	32	133,134,248,249,251,265,266,267,268,269,301,304,417,418	0	0	S	REVIEW-nonMet
4	466	S	197	196	7	0	0	0	1	413,414,415,416,417,418,445	0	0	S	REVIEW-nonMet
5	451	A	104	104	3	0	0	0	0	245,246,247	0	0	A	REVIEW-nonMet
6	465	G	89	87	10	1	0	0	2	0,269,270,271,272,307,411,412,413,414,455	0	1	G	REVIEW-nonMet
7	451	S	57	57	3	0	0	0	0	358,389,444	0	0	S	REVIEW-nonMet
8	445	A	55	54	3	0	0	1	0	258,259,260	0	0	A	REVIEW-nonMet
9	455	A	32	32	6	0	0	0	0	248,262,263,264,265,454	0	0	A	REVIEW-nonMet
10	466	S	21	21	9	0	0	0	0	245,246,247,263,264,265,266,308,446	0	0	S	REVIEW-nonMet
11	451	T	14	14	8	1	0	0	0	0,252,253,254,264,265,266,267,268	0	1	T	REVIEW-nonMet
13	749	M	9	9	20	10	0	0	0	0,1,2,3,4,5,6,7,8,9,364,370,371,372,509,510,687,711,712,760	0	10	M	ok
14	620	M	9	9	1	0	0	0	0	476	0	0	M	ok
15	381	M	9	9	0	0	0	0	0		0	0	M	ok
16	455	A	9	9	1	0	0	0	0	200	0	0	A	REVIEW-nonMet
17	761	M	8	8	0	0	0	0	0		0	0	M	ok
18	363	A	8	8	9	0	0	0	0	207,261,262,263,264,265,273,281,282	0	0	A	REVIEW-nonMet
19	450	T	7	7	0	1	0	0	0	0	0	1	T	REVIEW-nonMet
20	533	M	6	6	18	0	0	0	0	396,397,398,399,400,401,402,403,404,405,406,407,408,409,410,411,419,420	0	0	M	ok
21	451	S	6	6	0	0	0	0	0		0	0	S	REVIEW-nonMet
22	454	S	6	6	1	0	0	0	0	361	0	0	S	REVIEW-nonMet
