Alignment	Ali_Len	First_AA	Original Seqs	Final Seqs	Low_Occ_Cols_Cut	N_Term_Cut	C_Term_Cut	Dash_Starts_Removed	Seq_w_End_Dashes_Removed	Cut_Cols	Identical_Collapsed	Nterm_Stop_Col	Nterm_Stop_Res	Nterm_Flag
1	476	M	62	57	17	17	0	0	0	0,1,2,3,4,5,6,7,8,9,10,11,12,13,14,15,16	5	17	M	ok
2	457	M	26	23	1	0	0	3	0	457	0	0	M	ok
3	446	M	22	22	98	0	0	0	0	410,411,412,413,414,415,416,417,418,419,420,424,428,436,441,442,443,444,445,446,447,448,449,450,451,452,453,454,455,456,457,458,459,460,461,462,467,468,469,470,471,472,473,474,475,476,482,483,484,485,490,491,492,493,494,495,502,503,504,505,506,507,508,509,510,511,512,513,514,515,516,517,518,519,520,521,522,523,524,525,526,527,528,529,530,531,532,533,534,535,536,537,538,539,540,541,542,543	0	0	M	ok
4	482	M	18	18	0	0	0	0	0		0	0	M	ok
5	459	M	16	16	0	0	0	0	0		0	0	M	ok
6	458	M	14	12	13	0	0	2	0	5,6,7,19,20,21,22,23,24,46,160,161,162	0	0	M	ok
7	451	M	14	14	0	0	0	0	0		0	0	M	ok
8	421	M	12	11	10	0	0	0	1	137,138,145,146,147,148,149,428,429,430	0	0	M	ok
9	461	M	11	9	14	1	0	2	0	0,136,137,138,418,419,420,429,446,447,464,465,473,474	0	1	M	ok
10	412	M	9	9	8	0	0	0	0	133,134,135,154,416,417,418,419	0	0	M	ok
11	427	M	7	7	4	0	0	0	0	2,3,4,423	0	0	M	ok
12	465	M	7	7	0	0	0	0	0		0	0	M	ok
13	496	M	6	5	10	0	0	1	0	27,35,36,37,40,41,49,50,203,505	0	0	M	ok
14	504	M	6	6	28	4	0	0	0	0,1,2,3,151,152,153,160,440,441,442,443,444,455,456,457,458,459,460,485,514,515,516,523,524,525,528,529	0	4	M	ok
15	491	M	5	5	0	0	0	0	0		0	0	M	ok
16	464	M	5	5	2	0	0	0	0	43,44	0	0	M	ok
17	447	M	5	5	10	9	0	0	0	0,1,2,3,4,5,6,7,8,450	0	9	M	ok
18	422	M	4	4	0	0	0	0	0		0	0	M	ok
19	415	M	4	3	36	0	0	0	1	0,1,2,3,4,5,6,7,8,9,10,11,12,13,14,15,16,17,18,19,20,21,22,23,24,25,26,27,28,29,30,31,32,33,34,47,162	0	35	M	ok
20	472	M	4	3	4	0	0	1	0	450,451,452,475	0	0	M	ok
21	507	M	4	3	28	0	0	0	1	4,144,416,417,418,440,441,442,443,444,445,446,494,495,496,497,498,499,500,501,527,528,529,530,531,532,533,534	0	0	M	ok
22	466	M	3	2	0	0	0	1	0		0	0	M	ok
23	460	M	3	3	0	0	0	0	0		0	0	M	ok
24	468	M	3	3	0	0	0	0	0		0	0	M	ok
25	465	M	3	3	0	0	0	0	0		0	0	M	ok
26	452	M	3	3	0	0	0	0	0		0	0	M	ok
27	443	L	3	2	0	12	0	0	1	0,1,2,3,4,5,6,7,8,9,10,11	0	12	L	REVIEW-nonMet
28	434	M	3	3	0	0	0	0	0		0	0	M	ok
29	449	M	3	2	0	0	0	0	1		0	0	M	ok
30	492	M	3	3	0	0	0	0	0		0	0	M	ok
31	531	M	3	2	0	0	0	0	1		0	0	M	ok
32	472	M	3	3	0	0	0	0	0		0	0	M	ok
33	465	M	3	2	0	0	0	1	0		0	0	M	ok
