Alignment	Ali_Len	First_AA	Original Seqs	Final Seqs	Low_Occ_Cols_Cut	N_Term_Cut	C_Term_Cut	Dash_Starts_Removed	Seq_w_End_Dashes_Removed	Cut_Cols	Identical_Collapsed	Nterm_Stop_Col	Nterm_Stop_Res	Nterm_Flag
1	375	M	299	246	13	1	0	15	37	0,290,291,292,308,309,310,311,312,313,314,315,316	1	1	M	ok
2	460	M	153	111	0	0	0	40	2		0	0	M	ok
3	321	M	116	116	4	3	0	0	0	0,1,2,209	0	3	M	ok
4	341	R	95	95	2	0	0	0	0	0,1,2,3,4,5,6,7,275,276	0	8	R	REVIEW-nonMet
5	278	M	69	69	20	19	0	0	0	0,1,2,3,4,5,6,7,8,9,10,11,12,13,14,15,16,17,18,297	0	19	M	ok
6	362	M	60	60	2	0	0	0	0	297,330	0	0	M	ok
7	265	M	45	45	0	0	0	0	0		0	0	M	ok
8	278	M	41	40	3	3	0	0	1	0,1,2	0	3	M	ok
9	285	M	35	28	10	8	0	7	0	0,1,2,3,4,5,6,7,293,294	0	8	M	ok
11	271	M	23	23	1	1	0	0	0	0	0	1	M	ok
13	358	M	17	15	0	0	0	2	0		0	0	M	ok
14	268	M	16	16	0	0	0	0	0		0	0	M	ok
15	422	M	15	15	0	0	0	0	0		0	0	M	ok
17	422	M	9	8	0	0	0	1	0		0	0	M	ok
18	271	K	9	6	43	44	0	3	0	0,1,2,3,4,5,6,7,8,9,10,11,12,13,14,15,16,17,18,19,20,21,22,23,24,25,26,27,28,29,30,31,32,33,34,35,36,37,38,39,40,41,42,43	0	44	K	REVIEW-nonMet
19	460	M	9	9	2	2	0	0	0	0,1	0	2	M	ok
20	272	M	8	8	0	0	0	0	0		0	0	M	ok
21	456	M	8	8	0	0	0	0	0		0	0	M	ok
22	268	M	7	7	0	0	0	0	0		0	0	M	ok
23	264	M	6	5	2	2	0	0	0	0,1	1	2	M	ok
24	265	M	6	6	0	0	0	0	0		0	0	M	ok
