Alignment	Ali_Len	First_AA	Original Seqs	Final Seqs	Low_Occ_Cols_Cut	N_Term_Cut	C_Term_Cut	Dash_Starts_Removed	Seq_w_End_Dashes_Removed	Cut_Cols	Identical_Collapsed	Nterm_Stop_Col	Nterm_Stop_Res	Nterm_Flag
1	1855	M	212	209	35	9	0	1	2	0,1,2,3,4,5,6,7,8,613,614,615,630,667,668,669,670,671,730,731,739,756,757,758,759,760,1692,1788,1789,1790,1791,1792,1793,1794,1795	0	9	M	ok
2	1709	M	122	107	36	8	0	15	0	0,1,2,3,4,5,6,7,572,573,763,764,765,766,767,768,769,770,1311,1312,1313,1314,1315,1316,1317,1318,1319,1320,1321,1322,1323,1330,1331,1742,1743,1744	0	8	M	ok
3	1883	M	117	114	18	0	0	1	2	30,455,576,586,589,596,627,628,629,648,649,650,651,652,653,656,658,1566	0	0	M	ok
4	1717	M	98	98	0	0	0	0	0		0	0	M	ok
5	1696	M	91	86	2	0	0	5	0	1696,1697	0	0	M	ok
6	1871	M	72	70	1	0	0	2	0	570	0	0	M	ok
7	1707	M	71	70	7	0	0	1	0	560,561,562,563,588,589,590	0	0	M	ok
8	1985	M	42	35	5	0	0	7	0	117,118,161,656,657	0	0	M	ok
9	1710	M	38	36	0	0	0	2	0		0	0	M	ok
10	1699	M	33	31	0	0	0	2	0		0	0	M	ok
11	1727	M	21	20	0	0	0	1	0		0	0	M	ok
12	1887	M	16	16	1	0	0	0	0	603	0	0	M	ok
13	1716	M	13	13	0	0	0	0	0		0	0	M	ok
14	1697	M	12	11	0	0	0	1	0		0	0	M	ok
15	1962	M	11	11	17	0	0	0	0	22,23,24,25,26,27,28,29,634,654,655,656,657,658,659,660,661	0	0	M	ok
16	1885	M	9	9	8	0	0	0	0	461,462,463,464,465,509,616,632	0	0	M	ok
17	2021	M	9	9	10	9	0	0	0	0,1,2,3,4,5,6,7,8,1374	0	9	M	ok
18	1607	M	9	9	1	0	0	0	0	557	0	0	M	ok
19	1872	M	7	7	7	0	0	0	0	619,620,621,622,623,624,625	0	0	M	ok
20	1601	L	6	6	0	0	0	0	0	0,1,2,3,4,5,6,7,8,9,10,11,12,13,14,15,16,17,18,19,20,21,22,23,24,25,26,27,28,29,30,31,32,33,34,35,36,37,38,39,40,41,42,43,44,45,46,47,48,49,50,51,52,53,54,55,56,57,58,59,60,61,62,63,64,65,66,67,68,69,70,71,72,73,74,75,76,77,78,79,80,81,82,83,84,85,86,87,88,89,90,91,92,93,94,95,96,97,98,99,100,101	0	102	L	REVIEW-nonMet
