Alignment	Ali_Len	First_AA	Original Seqs	Final Seqs	Low_Occ_Cols_Cut	N_Term_Cut	C_Term_Cut	Dash_Starts_Removed	Seq_w_End_Dashes_Removed	Cut_Cols	Identical_Collapsed	Nterm_Stop_Col	Nterm_Stop_Res	Nterm_Flag
1	483	M	78	78	0	0	0	0	0		0	0	M	ok
2	539	M	59	58	10	0	0	0	1	425,426,427,428,543,544,545,546,547,548	0	0	M	ok
3	482	M	44	44	0	0	0	0	0		0	0	M	ok
4	546	M	23	22	0	0	0	1	0		0	0	M	ok
5	547	M	18	18	0	0	0	0	0		0	0	M	ok
6	461	M	14	14	0	0	0	0	0		0	0	M	ok
7	551	M	10	8	0	0	0	0	1	0,1,2,3,4,5,6,7,8,9	1	10	M	ok
8	485	M	9	9	5	0	0	0	0	485,486,487,488,489	0	0	M	ok
9	483	M	9	9	0	0	0	0	0		0	0	M	ok
10	542	M	7	6	33	33	0	0	1	0,1,2,3,4,5,6,7,8,9,10,11,12,13,14,15,16,17,18,19,20,21,22,23,24,25,26,27,28,29,30,31,32	0	33	M	ok
11	403	M	6	5	0	0	0	0	0	0,1,2,3,4,5,6,7,8,9,10,11,12,13,14,15,16,17,18,19,20,21,22,23,24,25,26,27,28,29,30,31,32,33,34,35,36,37,38,39,40,41,42,43,44,45,46,47,48,49,50,51,52,53,54,55,56,57,58,59,60,61,62,63,64,65,66,67,68,69,70,71,72,73,74,75,76,77,78,79,80,81,82	1	83	M	ok
12	485	M	6	6	0	0	0	0	0		0	0	M	ok
13	540	M	6	6	0	0	0	0	0		0	0	M	ok
14	546	M	6	6	3	0	0	0	0	546,547,548	0	0	M	ok
