Alignment	Ali_Len	First_AA	Original Seqs	Final Seqs	Low_Occ_Cols_Cut	N_Term_Cut	C_Term_Cut	Dash_Starts_Removed	Seq_w_End_Dashes_Removed	Cut_Cols	Identical_Collapsed	Nterm_Stop_Col	Nterm_Stop_Res	Nterm_Flag
1	591	S	3705	3663	12	0	0	41	0	69,218,283,498,578,579,580,598,599,600,601,602	1	0	S	REVIEW-nonMet
2	591	S	1204	918	5	0	0	10	276	319,320,321,322,498	0	0	S	REVIEW-nonMet
3	591	S	350	278	17	0	0	5	67	135,186,206,207,208,209,210,211,212,213,214,223,224,225,226,227,585	0	0	S	REVIEW-nonMet
4	591	S	321	261	0	0	0	1	59		0	0	S	REVIEW-nonMet
5	591	S	241	198	2	0	0	0	43	581,582	0	0	S	REVIEW-nonMet
8	591	S	46	46	0	0	0	0	0		0	0	S	REVIEW-nonMet
11	591	S	20	20	128	0	0	0	0	408,409,410,411,412,413,414,415,416,417,418,419,420,421,422,423,424,425,426,427,428,429,430,431,432,433,434,435,436,437,438,439,440,441,442,443,444,445,446,447,448,449,450,451,452,453,454,455,456,457,458,459,460,461,462,463,464,465,466,467,468,469,470,471,472,473,474,475,476,477,478,479,480,481,482,483,484,485,486,487,488,489,490,491,492,493,494,495,496,497,498,499,500,501,502,503,504,505,506,507,508,509,510,511,512,513,514,515,516,517,518,519,520,521,522,523,524,525,526,527,528,529,530,531,532,533,534,535	0	0	S	REVIEW-nonMet
13	585	S	13	13	6	1	0	0	0	0,586,587,588,589,590	0	1	S	REVIEW-nonMet
15	579	S	12	11	0	0	0	0	1		0	0	S	REVIEW-nonMet
16	588	S	10	7	0	0	0	0	3		0	0	S	REVIEW-nonMet
17	590	S	9	9	0	0	0	0	0		0	0	S	REVIEW-nonMet
18	585	S	6	6	0	0	0	0	0		0	0	S	REVIEW-nonMet
