Alignment	Ali_Len	First_AA	Original Seqs	Final Seqs	Low_Occ_Cols_Cut	N_Term_Cut	C_Term_Cut	Dash_Starts_Removed	Seq_w_End_Dashes_Removed	Cut_Cols	Identical_Collapsed	Nterm_Stop_Col	Nterm_Stop_Res	Nterm_Flag
1	615	V	50	41	25	25	0	0	0	0,1,2,3,4,5,6,7,8,9,10,11,12,13,14,15,16,17,18,19,20,21,22,23,24,25,26,27,28,29,30,31,32,33	9	34	V	REVIEW-nonMet
2	609	N	24	24	8	33	0	0	0	0,1,2,3,4,5,6,7,8,9,10,11,12,13,14,15,16,17,18,19,20,21,22,23,24,25,26,27,28,29,30,31,32	0	33	N	REVIEW-nonMet
3	561	M	19	18	10	3	0	1	0	0,1,2,20,21,26,27,28,559,560	0	3	M	ok
4	594	M	19	19	0	0	0	0	0		0	0	M	ok
5	551	M	16	16	0	0	0	0	0		0	0	M	ok
6	551	M	12	11	8	0	0	1	0	6,12,20,21,22,23,24,25	0	0	M	ok
7	519	M	11	11	1	1	0	0	0	0	0	1	M	ok
8	650	M	10	10	0	0	0	0	0		0	0	M	ok
9	546	L	6	5	14	15	0	0	1	0,1,2,3,4,5,6,7,8,9,10,11,12,13,14,25,26,32,541,542,543,556,564,565,566,567,568	0	15	L	REVIEW-nonMet
10	589	M	5	5	0	0	0	0	0		0	0	M	ok
11	610	M	5	5	23	20	0	0	0	0,1,2,3,4,5,6,7,8,9,10,11,12,13,14,15,16,17,18,19,31,32,40	0	20	M	ok
12	503	M	4	4	2	0	0	0	0	482,483	0	0	M	ok
13	478	M	4	3	17	0	0	1	0	191,192,193,194,195,196,197,198,199,200,201,202,203,252,253,254,255	0	0	M	ok
14	545	M	4	4	0	0	0	0	0	0,1,2,3,4,5,6,7,8,9,10,11,12,13,14,15,16,17,18,19,20,21,22,23,24,25,26,27,28,29	0	30	M	ok
15	631	M	4	3	0	0	0	1	0		0	0	M	ok
16	566	M	4	4	5	0	0	0	0	548,549,550,551,552	0	0	M	ok
17	546	A	4	4	2	0	0	0	0	0,1,2,3,4,5,6,12,13	0	7	M	ok
18	576	M	4	3	0	0	0	1	0		0	0	M	ok
19	536	M	3	3	0	0	0	0	0		0	0	M	ok
20	568	M	3	3	0	0	0	0	0		0	0	M	ok
21	576	M	3	2	0	0	0	1	0		0	0	M	ok
22	690	M	3	2	0	3	0	1	0	0,1,2	0	3	M	ok
23	650	M	3	3	0	0	0	0	0		0	0	M	ok
24	683	M	3	2	0	1	0	1	0	0	0	1	M	ok
25	646	M	3	2	0	0	0	1	0		0	0	M	ok
26	554	M	3	3	0	0	0	0	0		0	0	M	ok
27	576	M	3	3	0	0	0	0	0		0	0	M	ok
