Alignment	Stop_Col	Stop_Res	Occupancy	Identity_Among_Occupied	Seqs_With_Residue	Final_Seqs
1	0	S	0.999	0.975	1582	1575
2	11	N	0.996	0.900	1255	1243
3	1	G	0.986	0.969	548	543
4	0	S	0.997	0.997	359	358
5	2	S	0.979	0.812	319	310
6	1	D	1.000	1.000	144	142
7	1	D	1.000	1.000	108	108
8	0	A	1.000	0.989	95	95
9	0	S	1.000	1.000	80	79
10	0	G	1.000	0.750	52	52
11	1	D	1.000	1.000	52	52
12	0	G	1.000	1.000	46	46
13	1	D	1.000	1.000	45	44
14	0	G	1.000	1.000	36	36
15	0	S	1.000	1.000	35	35
16	0	G	1.000	1.000	33	32
17	0	G	1.000	0.967	30	29
18	1	G	1.000	1.000	29	29
19	0	S	1.000	1.000	27	27
20	1	D	1.000	1.000	15	15
21	1	D	1.000	1.000	11	11
22	0	S	1.000	1.000	9	9
23	0	S	1.000	1.000	9	9
24	0	G	1.000	1.000	7	7
25	0	G	1.000	1.000	7	7
26	0	S	1.000	1.000	6	6
27	0	S	1.000	1.000	6	6
