Alignment	Stop_Col	Stop_Res	Occupancy	Identity_Among_Occupied	Seqs_With_Residue	Final_Seqs
1	0	S	0.933	1.000	611	611
2	0	S	0.996	1.000	500	493
3	0	S	0.944	0.990	408	407
4	1	S	0.995	0.997	382	381
5	0	S	0.994	1.000	345	321
6	2	S	0.960	1.000	241	241
7	0	S	1.000	0.996	234	234
8	0	S	1.000	1.000	233	233
9	0	S	1.000	1.000	223	222
10	0	S	1.000	1.000	200	200
11	0	S	0.993	0.993	136	136
12	0	S	0.991	1.000	115	112
13	0	S	0.953	1.000	101	101
14	0	S	0.990	1.000	101	101
15	0	S	0.979	1.000	92	92
16	0	S	1.000	1.000	83	81
17	0	S	0.886	1.000	70	70
18	0	S	1.000	1.000	67	65
19	0	S	1.000	1.000	66	65
20	0	S	1.000	1.000	58	58
21	0	S	1.000	1.000	57	57
22	0	S	1.000	1.000	56	55
23	0	S	0.964	1.000	54	53
24	0	S	1.000	1.000	48	48
25	0	S	1.000	1.000	47	47
26	0	S	0.978	1.000	44	44
27	0	S	1.000	1.000	44	41
28	0	S	1.000	1.000	43	43
29	1	S	1.000	0.974	39	39
30	0	S	0.974	1.000	37	37
31	0	S	1.000	1.000	34	34
32	0	S	1.000	1.000	31	31
33	0	S	1.000	1.000	31	31
34	0	S	1.000	1.000	27	27
35	0	S	1.000	1.000	26	26
36	2	S	0.857	1.000	18	18
37	0	S	1.000	1.000	16	16
38	1	P	1.000	1.000	15	15
39	0	S	1.000	1.000	12	12
40	0	S	0.900	1.000	9	9
41	0	S	1.000	1.000	9	9
42	0	S	1.000	1.000	8	8
43	0	S	1.000	1.000	8	8
44	0	S	1.000	1.000	6	6
45	0	S	1.000	1.000	6	6
