Cluster	N_Seqs	Consensus_Len	Verdict	Substring_Of	Percent_Id	Query_Coverage	Len_Ratio
1	655	261	keep	(best: 37)	80.6	1.000	0.992
2	502	256	keep	(best: 11)	55.2	0.980	0.945
3	432	271	keep				
4	384	254	keep	(best: 15)	79.2	1.000	0.996
5	347	260	keep	(best: 29)	82.0	1.000	0.996
6	251	261	keep	(best: 37)	89.0	1.000	0.992
7	234	271	keep				
8	233	246	keep	(best: 17)	74.3	0.996	0.992
9	223	271	keep				
10	200	248	keep	(best: 41)	78.8	1.000	0.992
11	137	271	keep				
12	116	262	keep	(best: 16)	65.0	0.973	0.996
13	106	259	keep	(best: 1)	83.9	1.000	0.992
14	102	261	keep	(best: 37)	81.0	1.000	0.992
15	94	255	keep	(best: 2)	73.8	1.000	0.996
16	83	263	keep	(best: 22)	81.4	1.000	0.996
17	79	248	keep	(best: 41)	65.7	0.984	0.992
18	67	262	keep	(best: 24)	80.0	1.000	0.989
19	66	261	keep	(best: 35)	82.1	1.000	0.992
20	58	270	keep	(best: 11)	83.0	1.000	0.996
21	57	262	keep	(best: 24)	76.2	1.000	0.989
22	56	264	keep	(best: 24)	76.6	0.992	0.996
23	56	261	keep	(best: 37)	77.9	1.000	0.992
24	48	265	keep	(best: 7)	56.1	0.974	0.978
25	47	246	keep	(best: 17)	79.1	0.992	0.992
26	45	255	keep	(best: 2)	77.3	1.000	0.996
27	44	262	keep	(best: 16)	78.2	0.996	0.996
28	43	260	keep	(best: 12)	79.6	0.996	0.992
29	39	261	keep	(best: 35)	76.0	1.000	0.992
30	38	265	keep	(best: 9)	58.8	0.989	0.978
31	34	255	keep	(best: 2)	74.2	1.000	0.996
32	31	271	keep				
33	31	271	keep				
34	27	271	keep				
35	26	263	keep	(best: 30)	79.3	0.992	0.992
36	21	262	keep	(best: 37)	75.7	0.996	0.996
37	16	263	keep	(best: 9)	61.2	0.981	0.970
38	15	261	keep	(best: 36)	77.9	1.000	0.996
39	12	261	keep	(best: 21)	77.0	1.000	0.996
40	10	261	keep	(best: 36)	78.2	1.000	0.996
41	9	250	keep	(best: 42)	61.8	1.000	0.988
42	8	253	keep	(best: 31)	64.3	1.000	0.992
43	8	260	keep	(best: 35)	80.3	0.977	0.989
44	6	246	keep	(best: 17)	73.5	0.996	0.992
45	6	246	keep	(best: 17)	68.0	0.992	0.992
